41
42
43
44
45
47
48
50
1
2
3
4
5
6
7
8
9
10
1
3
6
7
8
9
10
45
2
2
3
6
7
8
9
10
1
8
1
2
3
4
5
6
7
8
9
10
1
1
1
1
3
6
7
8
9
10
3
6
7
8
9
10
2
3
1
2
3
4
5
6
7
8
9
10
1
2
3
4
5
6
7
8
7
9
10
1
2
3
4
5
6
7
8
9
10
3
5
6
7
402
675
602
595
594
511
579
481
714
3
1
2
6
5
4
9
7
8
10
3
2
1
6
5
4
8
7
9
10
1
1
1
5
5
5
1
5
402
675
602
595
594
511
579
481
714
66
44
43
65
42
41
20
62
39
61
17
35
15
58
34
14
57
33
13
56
12
55
11
10
9
30
8
7
6
51
50
27
3
48
47
25
45
273
23
687
272
685
479
684
478
683
477
681
268
680
266
678
265
264
263
676
262
471
675
261
470
674
260
469
673
259
468
672
258
257
256
466
670
465
464
463
253
668
462
667
461
666
460
251
665
459
458
457
663
662
248
661
247
660
454
453
658
452
657
655
449
243
448
242
447
241
652
445
651
650
239
649
238
648
237
647
235
645
440
234
644
439
438
437
232
642
436
231
435
230
229
640
228
227
432
638
431
430
224
429
636
223
428
635
222
634
427
426
425
220
424
632
219
423
218
422
630
217
421
216
420
215
419
628
627
213
212
417
211
416
625
210
624
208
622
413
207
621
412
620
411
205
619
410
408
203
617
407
616
406
201
404
200
403
199
402
401
612
611
196
399
609
195
398
397
607
193
396
606
192
605
394
393
190
189
602
188
601
390
389
599
186
388
185
597
183
596
386
182
385
181
594
593
592
591
177
590
381
176
380
175
379
174
588
173
587
586
377
171
585
376
170
584
375
169
583
374
582
167
372
580
370
165
579
164
163
577
366
575
574
160
159
364
158
157
156
571
362
155
361
154
360
569
359
568
358
567
357
566
356
565
151
564
150
149
354
353
562
352
561
351
146
350
145
349
559
348
558
143
347
557
555
140
554
139
343
138
552
137
136
341
135
340
338
549
337
132
336
131
547
335
130
334
129
333
545
332
128
127
331
330
543
125
328
327
541
326
325
324
323
538
537
321
320
319
117
534
317
316
115
114
531
314
113
530
112
111
312
528
311
109
310
108
107
525
308
524
307
105
104
103
521
102
520
101
100
303
99
301
97
517
300
96
516
95
515
94
513
512
297
92
511
91
510
90
295
509
89
294
508
88
293
507
292
291
290
505
85
289
84
503
287
286
501
285
500
284
81
499
80
498
79
497
78
282
496
281
495
76
280
494
279
493
74
492
277
491
490
72
489
275
488
274
487
996
70
486
995
69
994
68
484
790
992
789
990
893
786
988
784
987
890
783
985
888
887
780
886
779
884
883
882
980
979
978
775
977
774
773
772
975
878
771
770
769
973
876
875
767
766
765
872
969
968
870
762
869
868
966
760
867
965
759
866
964
758
865
963
757
864
962
756
961
755
960
754
862
753
861
752
860
958
751
957
750
956
858
857
748
954
747
953
746
855
952
951
744
853
742
851
741
740
849
847
944
846
736
735
734
942
733
941
843
940
731
841
938
730
840
729
937
727
838
726
725
724
934
723
933
722
932
835
721
930
833
719
718
717
831
927
830
926
715
714
713
827
922
711
921
825
710
920
919
823
708
707
917
705
820
704
819
915
914
702
701
700
699
815
911
814
910
697
909
696
908
812
695
693
905
809
808
691
807
903
690
806
689
805
804
1100
900
1099
802
898
801
1096
1095
895
894
798
1093
797
1092
1047
1091
795
1089
794
1045
793
1043
1087
791
1042
1086
1085
1040
1083
1150
1082
1038
1149
1079
1145
1034
1144
1077
1076
1075
1142
1074
1031
1141
1030
1029
1072
1070
1137
1024
1067
1023
1066
1022
1021
1020
1131
1062
1130
1061
1129
1128
1015
1059
1057
1011
1124
1055
1054
1053
1122
1008
1121
1120
1050
1118
1178
1117
1116
1115
1176
1114
1174
1173
1111
1000
1110
998
1108
1204
1203
1168
1201
1105
1167
1104
1199
1198
1164
1196
1163
1195
1230
1161
1193
1228
1227
1159
1191
1158
1190
1225
1157
1224
1188
1187
1222
1186
1154
1153
1220
1219
1218
1182
1217
1216
1215
1214
1212
1273
1245
1244
1243
1242
1241
1268
1206
1267
1205
1266
1265
1264
1295
1236
1262
1292
1234
1291
1260
1233
1290
1259
1232
1289
1258
1288
1256
1286
1255
1254
1297
1306
1284
1302
1301
1282
1279
1276
1275
1304
1303
1
3
2
6
5
4
8
9
7
10
22
72
12
1
311
309
286
274
269
240
203
164
640
391
151
355
116
97
90
1136
1374
1349
1411
