0
0
0
0
0
0
0
0
0
0
0
0
0
0
0
0
0
0
0
0.288033
0
0
0
0
0
0
0
0
0
0
0.374647
0
0
0
0
0.545448
0.535634
0
0
0
0
0
0
0.386935
0
0
0
0
0
0
0
0
0
0
0
0
0
0
0
0
0
0
0.284848
0
0
0
0
0
0
0
0.326529
0.340382
0
0
0
0.353577
0
0
0
0
0
0.324603
0
0
0
0.306758
0
0
0
0
0
0
0
0.438463
0
0
0
0
0
0
0
0
0
0.456317
0
0.50459
0
0
0
0
0
0
0
0
0
0
0
0
0
0.557229
0
0
0
0
0
0
0
0
0
0
0.504041
0
0
0
0
0
0
0
0
0
0
0
0
0
0
0
0
0
0
0
0
0
0
0
0
0
0
0
0
0
0
0
0
0.301268
0
0
0
0
0
0
0
0
0
0
0
0
0
0
0
0
0
0
0
0
0
0
0
0
0
0
0
0
0
0
0
0
0
0
0.299656
0
0
0
0
0
0
0
0
0
0
0
0
0
0
0
0
0
0
0
0
0
0
0
0
0
0.303989
0.322675
0.229744
0
0
0
0
0
0
0
0
0
0
0
0
0
0
0
0
0
0
0
0
0
0
0
0.376392
0
0
0
0
0
0
0
0
0
0
0.472866
0
0
0
0
0
0
0
0
0.498548
0
0
0
0
0
0
0
0
0
0
0
0
0
0
0
0
0
0
0
0
0
0
0
0.40003
0
0
0
0
0
0
0
0
0
0
0
0
0
0
0
0.200037
0
0
0
0
0
0
0
0
0
0
0
0
0
0
0
0
0
0.318739
0
0
0
0.638538
0.610185
0
0
0
0
0
0
0
0
0
0
0
0.181807
0.237253
0
0
0
0
0
0
0
0
0
0
0
0
0.168925
0
0
0.358356
0.296589
0
0
0
0
0
0
0
0
0
0
0.45658
0
0
0
0
0
0
0.177148
0
0
0
0
0
0
0
0
0
0
0
0
0
0
0
0
0
0
0
0.406932
0
0
0
0
0
0
0
0
0
0
0
0
0.381328
0
0
0
0
0
0
0
0
0
0
0
0
0
0
0
0
0.468126
0.345768
0
0
0
0
0
0
0
0
0
0
0
0
0
0.476784
0
0
0
0
0.325851
0
0
0
0
0
0
0
0
0
0
0
0
0
0
0
0
0
0
0.212731
0.227756
0
0
0
0
0
0
0
0
0
0
0
0
0
0
0
0
0
0
0
0
0
0
0
0
0
0
0
0
0
0
0
0
0
0
0
0
0
0
0
0
0
0
0
0
0
0
0
0
0
0
0.284879
0
0
0
0
0
0
0
0
0.528347
0
0
0
0
0
0
0
0
0.525913
0
0
0
0
0.629308
0
0
0
0
0
0
0
0
0
0
0
0
0
0
0
0
0
0
0
0
0
0
0
0.404551
0
0
0.25152
0.179512
0
0
0
0.487154
0
0
0
0
0
0
0
0
0
0
0
0
0
0
0
0
0
0
0
0
0
0
0
0
0.487662
0
0
0
0
0
0
0
0
0
0
0
0.42215
0
0
0
0
0
0
0
0
0
0
0.62349
0
0
0
0
0.482973
0
0
0
0
0
0
0.675981
0
0
0
0.305671
0
0
0
0
0
0
0
0
0
0
0
0
0
0
0
0
0
0
0
0
0
0
0
0
0
0
0
0
0
0
0
0
0
0
0
0
0
0
0.44593
0
0
0
0
0
0
0
0
0
0
0
0
0
0
0
0
0
0
0
0
0
0
0.351677
0
0
0
0
0
0
0
0
0
0
0.298898
0
0
0
0
0
0
0
0
0
0
0
0
0
0
0
0
0
0
0
0
0
0
0
0
0
0
0
0.281442
0
0
0
0
0
0
0
0
0
0.346614
0
0
0
0
0
0
0
0
0
0
0
0
0
0
0
0
0
0
0
0
0
0
0
0
0
0
0.245468
0
0
0
0
0
0
0
0
0
0
0
0
0.351448
0
0
0
0
0
0
0
0
0.491239
0
0
0.340449
0
0.103954
0
0
0
0
0
0.346565
0
0.420886
0.564858
0
0
0
0
0
0
0
0.862366
0
0
0
0
0
0
0
0
0
0
0
0
0
0
0
0.514002
0
0
0
0
0.277628
0
0
0
0
0
0.275815
0
0
0
0
0
0
0
0
0
0
0
0
0
0
0
0
0
0
0.570716
0
0
0.122127
0
0
0
0
0
0
0
0
0
0.234991
0
0
0
0
0
0
0
0
0
0
0
0
0
0
0
0.726484
0
0
0
0
0
0.596134
0
0
0
0.274284
0
0
0.467477
0.581813
0
0
0.317537
0
0
0
0
0
0
0.500026
0
0
0
0
0
0
0
0
0
0.652136
0
0
0.303033
0
0
0
0
0
0
0
0
0
0
0
0
0
0
0
0
0
0
0
0
0
0
0
0
0
0
0
0
0
0.339955
0
0
0.391538
0
0
0
0
0
0
0
0
0
0
0
0
0
0
0
0
0
0
0
0
0
0
0
0
0
0
0
0
0
0
0
0
0
0
0
0
0
0
0
0
0
0
0
0
0
0
0
0
0
0
0
0
0
0
0
0
0
0
0
0
0
0
0
0
0
0
0
0.643296
0
0
0
0
0
0.392865
0
0.296
0.414785
0
0
0
0
0
0
0
0
0
0
0
0
0
0
0
0
0
0
0
0
0.525091
0
0
0.704127
0
0
0
0
0
0
0
0
0
0
0
0
0
0
0
0
0
0
0.454993
0
0
0
0
0
0
0
0
0
0
0
0
0
0
0
0
0
0
0
0
0
0
0
0
0
0
0
0
0
0.257121
0
0
0
0
0
0
0.411856
0
0
0
0
0
0.364066
0
0
0
0
0
0
0
0
0
0
0
0
0.291523
0
0
1.85848
0
0
0
0
0
0
0
0
0
0
0
0
0
0
0
0
0
0.438419
0
0
0
0
0
0
0
0
0.130212
0
0
0
0
0
0
0
0
0
0
0
0
0
0
0
0
0
0
0
0
0
0
0
0
0
0
0
0
0
0
0
0
0
0
0
0
0
0
0
0
0
0
0
0.528025
0
0
0
0
0
0
0
0
0
0
0
0
0
0
0
0.489895
0.725546
0
0
0.530833
0.491717
0
0
0
0
0.323863
0
0
0
0
0
0.336901
0
0
0.58546
0
0.314648
0
0
0
0
0
0.374019
0
0
0
0
0
0
0
0
0
0
0
0
0.732715
0
0
0
0
0
0
0
0
0
0
0
0
0
0.420647
0
0
0
0
0.337736
0.56286
0
0
0.459846
0
0
0
0
0.345939
0
0
0
0
