0
0
0
0
0
0
0
0
0
0
0
0
0
0
0
0
0
0
-0.000388349
-0.0057054
-0.00844288
-0.0057054
-0.000485288
0.000619825
-0.00844288
0.000619825
-0.00113267
0
0
0
0
0
0
0
0
0
0.00754529
-0.00202872
-0.000319374
-0.00202872
-0.00312301
-0.00319515
-0.000319374
-0.00319515
-0.00430068
-0.00174617
-0.00458074
0.000835966
-0.00458074
-0.00130767
-0.00270386
0.000835966
-0.00270386
0.000802774
0.001072
-0.00909951
-0.0129012
-0.00909951
0.00498715
0.00172596
-0.0129012
0.00172596
-0.0113917
-0.00509291
0.0053957
-0.000917656
0.0053957
0.00371037
0.00433476
-0.000917656
0.00433476
0.00320692
0
0
0
0
0
0
0
0
0
