# Header: Project1::Steel Ferrite-Martensite 40000X w 1x1 Pats::All data::Grain Size   5/23/2014
# 
# Partition Formula: 
# Grain Tolerance Angle: 5.00
# Minimum Grain Size: 5
# Minimum Confidence Index: 0.00
# Multiple Rows Requirement: Off
# Column 1-3: phi1, PHI, phi2 (orientation of point in radians)
# Column 4-5: x, y (coordinates of point in microns)
# Column 6:   IQ (image quality)
# Column 7:   CI (confidence index)
# Column 8:   Fit (degrees)
# Column 9:   Grain ID (integer)
# Column 10:  edge (1 for grains at edges of scan and 0 for interior grains)
# Column 11:  phase name
  4.24251   2.07492   3.35758      0.00000      0.00000  957.3  0.048  1.81 1 1 Ferrite
  6.12269   2.06418   3.87519      0.10000      0.00000 1988.3  0.952  0.47 2 1 Ferrite
  3.05486   1.14454   5.61567      0.20000      0.00000  965.7  0.893  0.78 3 1 Ferrite
  6.18533   2.01099   3.81046      0.30000      0.00000 1600.5  0.952  0.46 3 1 Ferrite
  3.02464   1.13050   5.61460      0.40000      0.00000 2353.7  0.952  0.44 3 1 Ferrite
  3.01971   1.12440   5.61683      0.50000      0.00000 2830.7  0.952  0.41 3 1 Ferrite
  3.01465   1.12116   5.61553      0.60000      0.00000 2936.6  0.952  0.44 3 1 Ferrite
  3.00692   1.11472   5.61670      0.70000      0.00000 3049.8  0.952  0.35 3 1 Ferrite
  6.14523   2.02551   3.81129      0.80000      0.00000 2811.0  0.952  0.39 3 1 Ferrite
  1.94373   2.35179   0.67475      0.90000      0.00000 1747.7  0.952  0.34 3 1 Ferrite
  1.94470   2.34590   0.68871      1.00000      0.00000 1616.1  0.929  0.43 3 1 Ferrite
  1.92999   2.36135   0.68125      1.10000      0.00000 1777.2  0.952  0.37 3 1 Ferrite
  1.92763   2.35900   0.67635      1.20000      0.00000 1923.1  0.952  0.49 3 1 Ferrite
  1.93063   2.35335   0.67663      1.30000      0.00000 1742.0  0.952  0.53 3 1 Ferrite
  1.93058   2.34032   0.67200      1.40000      0.00000 1559.3  0.952  0.63 3 1 Ferrite
  1.92932   2.31309   0.66987      1.50000      0.00000 1453.5  0.952  0.70 3 1 Ferrite
  1.92559   2.29508   0.66579      1.60000      0.00000 1472.5  0.929  0.47 3 1 Ferrite
  1.91238   2.28764   0.66274      1.70000      0.00000 1507.5  0.952  0.82 3 1 Ferrite
  1.88680   2.27081   0.65587      1.80000      0.00000 1562.7  0.952  0.42 3 1 Ferrite
  4.15762   2.22929   0.93700      1.90000      0.00000 1679.8  0.952  0.58 3 1 Ferrite
  4.15474   2.23662   0.92394      2.00000      0.00000 1592.6  0.940  0.48 3 1 Ferrite
  1.01567   0.92723   5.34002      2.10000      0.00000 1066.2  0.798  0.84 3 1 Ferrite
  1.87736   2.24934   0.65147      2.20000      0.00000 1088.6  0.619  0.81 3 1 Ferrite
  3.02710   1.06809   0.75391      2.30000      0.00000  911.8  0.131  1.52 3 1 Ferrite
  0.99657   0.90540   5.37391      2.40000      0.00000  596.3  0.369  1.50 3 1 Ferrite
  5.68585   1.36389   0.50314      2.50000      0.00000 1023.2  0.952  0.46 4 1 Ferrite
  5.68808   1.36062   0.50655      2.60000      0.00000 2345.0  0.952  0.37 4 1 Ferrite
  5.68892   1.36460   0.50722      2.70000      0.00000 2889.7  0.952  0.35 4 1 Ferrite
  5.68935   1.36644   0.50691      2.80000      0.00000 3105.5  0.952  0.35 4 1 Ferrite
  1.88672   2.27438   0.66892      0.00000      0.10000 2135.0  0.952  0.53 2 1 Ferrite
  2.97277   1.07399   5.54821      0.10000      0.10000 2199.5  0.952  0.46 2 1 Ferrite
  1.87556   2.26998   0.66639      0.20000      0.10000 1164.1  0.905  0.59 2 1 Ferrite
  4.29670   2.15539   4.18561      0.30000      0.10000  916.8  0.857  0.77 3 1 Ferrite
  6.16139   2.00770   3.80873      0.40000      0.10000 1731.5  0.952  0.50 3 1 Ferrite
  3.01683   1.12904   5.61697      0.50000      0.10000 2464.9  0.952  0.39 3 1 Ferrite
  3.00302   1.12293   5.62039      0.60000      0.10000 2721.7  0.952  0.41 3 1 Ferrite
  3.00184   1.11735   5.61519      0.70000      0.10000 2996.9  0.952  0.36 3 1 Ferrite
  3.00118   1.12105   5.61536      0.80000      0.10000 2911.5  0.952  0.52 3 1 Ferrite
  2.98995   1.12333   5.61372      0.90000      0.10000 2333.8  0.952  0.44 3 1 Ferrite
  1.90954   2.33049   5.38402      1.00000      0.10000 1336.1  0.952  0.51 3 1 Ferrite
  4.20904   2.16821   4.14478      1.10000      0.10000 1331.0  0.786  0.73 3 1 Ferrite
  1.91819   2.35171   0.66558      1.20000      0.10000 2189.6  0.952  0.34 3 1 Ferrite
  1.91473   2.33901   0.66460      1.30000      0.10000 2081.0  0.952  0.41 3 1 Ferrite
  1.91964   2.32400   0.66897      1.40000      0.10000 1902.7  0.952  0.56 3 1 Ferrite
  1.91790   2.29537   0.67098      1.50000      0.10000 1872.9  0.952  0.51 3 1 Ferrite
  1.90851   2.28289   0.65683      1.60000      0.10000 2066.0  0.952  0.39 3 1 Ferrite
  1.90060   2.27187   0.65025      1.70000      0.10000 1989.0  0.952  0.47 3 1 Ferrite
  1.88968   2.25526   0.65139      1.80000      0.10000 1940.0  0.857  0.63 3 1 Ferrite
  1.88751   2.23813   0.64758      1.90000      0.10000 1956.5  0.905  0.59 3 1 Ferrite
  1.89727   2.24305   0.65551      2.00000      0.10000 1975.9  0.952  0.32 3 1 Ferrite
  4.14219   2.22968   0.92229      2.10000      0.10000 1453.0  0.952  0.38 3 1 Ferrite
  1.86518   2.24876   0.64385      2.20000      0.10000 1198.2  0.619  0.79 3 1 Ferrite
  1.86124   2.23912   0.65198      2.30000      0.10000 1028.4  0.369  1.14 3 1 Ferrite
  2.55291   1.77906   5.77766      2.40000      0.10000  764.4  0.357  1.04 4 1 Ferrite
  5.69135   1.36204   0.50649      2.50000      0.10000 2192.1  0.952  0.41 4 1 Ferrite
  5.68976   1.36514   0.50674      2.60000      0.10000 2841.9  0.952  0.35 4 1 Ferrite
  5.69160   1.36279   0.50765      2.70000      0.10000 3023.6  0.952  0.38 4 1 Ferrite
  5.69286   1.36665   0.50977      2.80000      0.10000 3175.4  0.952  0.36 4 1 Ferrite
  6.12110   2.05403   3.88942      0.00000      0.20000 1580.7  0.619  1.08 2 1 Ferrite
  2.98190   1.08078   5.53227      0.10000      0.20000 2039.8  0.952  0.57 2 1 Ferrite
  2.98348   1.07506   5.52877      0.20000      0.20000 1660.9  0.952  0.45 2 1 Ferrite
  1.87382   2.26438   0.67052      0.30000      0.20000 1730.8  0.952  0.46 2 1 Ferrite
  1.88395   2.25836   5.38961      0.40000      0.20000 1221.5  0.952  0.68 2 1 Ferrite
  3.01481   1.12945   5.60731      0.50000      0.20000 1453.6  0.952  0.63 3 1 Ferrite
  6.13741   2.01665   3.81963      0.60000      0.20000 2354.2  0.952  0.47 3 1 Ferrite
  2.98717   1.12216   5.61102      0.70000      0.20000 2696.5  0.952  0.46 3 1 Ferrite
  2.98797   1.12107   5.60753      0.80000      0.20000 2815.9  0.952  0.46 3 1 Ferrite
  1.91270   2.34251   0.65676      0.90000      0.20000 2656.6  0.952  0.40 3 1 Ferrite
  1.89444   2.32112   5.37492      1.00000      0.20000 1375.3  0.952  0.53 3 1 Ferrite
  1.88937   2.28678   5.37906      1.10000      0.20000 1311.8  0.905  0.85 3 1 Ferrite
  4.19474   2.18928   4.13187      1.20000      0.20000 1349.6  0.214  0.94 3 1 Ferrite
  1.90240   2.31404   0.65835      1.30000      0.20000 1775.3  0.952  0.48 3 1 Ferrite
  1.89804   2.28997   0.66506      1.40000      0.20000 1959.2  0.952  0.46 3 1 Ferrite
  1.89895   2.27322   0.66169      1.50000      0.20000 2012.6  0.952  0.50 3 1 Ferrite
  3.00818   1.07897   5.53348      1.60000      0.20000 2155.3  0.952  0.47 3 1 Ferrite
  1.88620   2.25603   0.64578      1.70000      0.20000 2052.0  0.952  0.53 3 1 Ferrite
  1.87564   2.23153   0.64633      1.80000      0.20000 1793.3  0.952  0.76 3 1 Ferrite
  1.88553   2.21456   0.66222      1.90000      0.20000 1979.9  0.952  0.55 3 1 Ferrite
  1.89714   2.22446   0.66546      2.00000      0.20000 2041.1  0.952  0.56 3 1 Ferrite
  1.90511   2.23145   0.66803      2.10000      0.20000 1809.0  0.952  0.66 3 1 Ferrite
  2.99397   1.06825   0.78906      2.20000      0.20000  923.9  0.369  1.03 3 1 Ferrite
  0.63559   2.60207   5.87809      2.30000      0.20000  756.7  0.000  1.84 4 1 Ferrite
  5.69431   1.36202   0.50625      2.40000      0.20000 2193.3  0.952  0.39 4 1 Ferrite
  5.69340   1.35795   0.51231      2.50000      0.20000 2769.2  0.952  0.45 4 1 Ferrite
  5.69235   1.36215   0.51087      2.60000      0.20000 3047.5  0.952  0.42 4 1 Ferrite
  5.69241   1.36244   0.51065      2.70000      0.20000 3108.2  0.952  0.42 4 1 Ferrite
  5.69302   1.36128   0.50928      2.80000      0.20000 3172.8  0.952  0.41 4 1 Ferrite
  2.41013   0.58891   3.67622      0.00000      0.30000 2036.4  0.929  0.72 5 1 Ferrite
  1.29861   1.85480   5.77625      0.10000      0.30000 1407.0  0.250  1.26 5 1 Ferrite
  2.98717   1.07201   5.53408      0.20000      0.30000 1389.7  0.952  0.66 2 1 Ferrite
  1.88878   2.27469   0.67085      0.30000      0.30000 1813.0  0.952  0.40 2 1 Ferrite
  1.89047   2.26774   0.67670      0.40000      0.30000 1826.7  0.952  0.56 2 1 Ferrite
  1.89085   2.25974   5.39453      0.50000      0.30000 1373.5  0.940  0.64 2 1 Ferrite
  6.13328   2.01965   3.82221      0.60000      0.30000 2065.8  0.952  0.52 3 1 Ferrite
  2.98873   1.11700   5.59421      0.70000      0.30000 2628.0  0.952  0.45 3 1 Ferrite
  2.98671   1.11527   5.59410      0.80000      0.30000 2780.2  0.952  0.45 3 1 Ferrite
  6.13149   2.03321   3.83840      0.90000      0.30000 2692.8  0.952  0.39 3 1 Ferrite
  1.90737   2.32731   0.66570      1.00000      0.30000 2061.7  0.952  0.46 3 1 Ferrite
  1.88329   2.26043   5.37651      1.10000      0.30000 1576.8  0.940  0.52 3 1 Ferrite
  1.90808   2.26696   0.66564      1.20000      0.30000 1751.3  0.952  0.53 3 1 Ferrite
  3.01933   1.08045   5.54313      1.30000      0.30000 1422.6  0.952  0.53 3 1 Ferrite
  1.89538   2.27386   0.67336      1.40000      0.30000 1954.5  0.952  0.53 3 1 Ferrite
  1.88727   2.25817   0.66842      1.50000      0.30000 2047.4  0.952  0.50 3 1 Ferrite
  3.00051   1.07700   5.51517      1.60000      0.30000 2017.6  0.893  0.58 3 1 Ferrite
  1.88189   2.24478   0.65130      1.70000      0.30000 2139.4  0.952  0.64 3 1 Ferrite
  1.87769   2.22112   0.65867      1.80000      0.30000 1910.4  0.952  0.60 3 1 Ferrite
  1.88103   2.21280   0.66508      1.90000      0.30000 1936.1  0.952  0.64 3 1 Ferrite
  1.89624   2.22133   0.67012      2.00000      0.30000 1667.2  0.952  0.67 3 1 Ferrite
  1.91101   2.23014   0.67013      2.10000      0.30000 1276.6  0.190  1.39 3 1 Ferrite
  5.69428   1.37025   0.50570      2.20000      0.30000 1790.1  0.952  0.43 4 1 Ferrite
  5.69209   1.36430   0.50509      2.30000      0.30000 2279.5  0.952  0.41 4 1 Ferrite
  5.69418   1.36071   0.50566      2.40000      0.30000 2854.9  0.952  0.40 4 1 Ferrite
  5.69355   1.36030   0.51183      2.50000      0.30000 3069.1  0.952  0.43 4 1 Ferrite
  5.69379   1.36018   0.51199      2.60000      0.30000 3163.1  0.952  0.44 4 1 Ferrite
  2.55226   1.78110   2.62994      2.70000      0.30000 3203.5  0.952  0.43 4 1 Ferrite
  5.69408   1.35563   0.51146      2.80000      0.30000 3133.5  0.952  0.43 4 1 Ferrite
  5.53165   2.54935   4.17353      0.00000      0.40000 1832.1  0.952  0.42 5 1 Ferrite
  2.38941   0.58988   3.68454      0.10000      0.40000 1946.9  0.940  0.47 5 1 Ferrite
  1.26818   1.86955   5.75121      0.20000      0.40000 1833.4  0.881  0.66 5 1 Ferrite
  5.52280   2.54283   2.59755      0.30000      0.40000 1183.7  0.405  1.02 5 1 Ferrite
  1.88840   2.27037   0.67357      0.40000      0.40000 1185.0  0.643  0.75 2 1 Ferrite
  2.05046   2.41685   5.41727      0.50000      0.40000  945.3  0.369  1.28 6 0 Ferrite
  6.13340   2.02207   3.83038      0.60000      0.40000 1564.7  0.940  0.46 3 1 Ferrite
  2.98675   1.11750   5.59200      0.70000      0.40000 2511.2  0.952  0.41 3 1 Ferrite
  6.12903   2.03184   3.83920      0.80000      0.40000 2632.7  0.952  0.44 3 1 Ferrite
  2.98928   1.10346   5.58114      0.90000      0.40000 2631.2  0.952  0.33 3 1 Ferrite
  1.90458   2.31789   0.66546      1.00000      0.40000 2218.6  0.952  0.46 3 1 Ferrite
  1.90532   2.26871   0.65597      1.10000      0.40000 1650.9  0.952  0.50 3 1 Ferrite
  1.91860   2.26485   0.65967      1.20000      0.40000 2033.8  0.952  0.37 3 1 Ferrite
  6.18087   2.06136   3.89881      1.30000      0.40000 2033.1  0.952  0.41 3 1 Ferrite
  3.02258   1.07754   5.52712      1.40000      0.40000 1407.6  0.726  1.17 3 1 Ferrite
  1.88055   2.23737   0.67034      1.50000      0.40000 1809.7  0.929  0.78 3 1 Ferrite
  2.99656   1.06029   5.49992      1.60000      0.40000 1755.8  0.905  0.74 3 1 Ferrite
  3.00135   1.07440   5.50488      1.70000      0.40000 1578.9  0.571  1.08 3 1 Ferrite
  1.88207   2.22213   0.66225      1.80000      0.40000 1325.6  0.393  1.21 3 1 Ferrite
  2.56490   1.76622   5.78090      1.90000      0.40000 1726.4  0.952  0.53 4 1 Ferrite
  5.70651   1.37340   0.50144      2.00000      0.40000 2147.9  0.940  0.42 4 1 Ferrite
  5.70303   1.36778   0.50763      2.10000      0.40000 2524.8  0.952  0.34 4 1 Ferrite
  5.69472   1.36797   0.50593      2.20000      0.40000 2814.3  0.952  0.43 4 1 Ferrite
  5.69305   1.36431   0.50728      2.30000      0.40000 3018.5  0.952  0.42 4 1 Ferrite
  5.69273   1.36151   0.50744      2.40000      0.40000 2960.6  0.952  0.40 4 1 Ferrite
  5.69464   1.36180   0.51019      2.50000      0.40000 3136.6  0.952  0.46 4 1 Ferrite
  5.69312   1.36060   0.51094      2.60000      0.40000 3105.6  0.952  0.42 4 1 Ferrite
  5.69392   1.35541   0.51084      2.70000      0.40000 3162.4  0.952  0.39 4 1 Ferrite
  5.69388   1.35580   0.51352      2.80000      0.40000 3135.8  0.952  0.40 4 1 Ferrite
  5.50019   2.55249   4.16612      0.00000      0.50000 1867.9  0.952  0.57 5 1 Ferrite
  5.50669   2.54929   4.16534      0.10000      0.50000 2062.8  0.952  0.51 5 1 Ferrite
  1.26646   1.86387   5.76258      0.20000      0.50000 2317.7  0.952  0.48 5 1 Ferrite
  1.26924   1.87969   5.76199      0.30000      0.50000 2184.6  0.940  0.38 5 1 Ferrite
  1.28341   1.87589   5.76483      0.40000      0.50000 1764.6  0.940  0.60 5 1 Ferrite
  5.51293   2.55418   2.55786      0.50000      0.50000 1073.9  0.619  0.91 5 1 Ferrite
  1.29569   1.87949   5.75179      0.60000      0.50000 1451.3  0.464  0.92 5 1 Ferrite
  2.98195   1.11702   5.58749      0.70000      0.50000 1768.6  0.619  0.77 3 1 Ferrite
  2.99270   1.10892   5.57896      0.80000      0.50000 2034.4  0.952  0.52 3 1 Ferrite
  2.98895   1.09949   5.57546      0.90000      0.50000 2227.1  0.952  0.40 3 1 Ferrite
  1.90521   2.31302   0.66512      1.00000      0.50000 2286.9  0.952  0.44 3 1 Ferrite
  1.03151   0.94486   5.31512      1.10000      0.50000 1458.8  0.952  0.67 3 1 Ferrite
  5.06157   0.87044   0.90988      1.20000      0.50000 1666.3  0.952  0.47 3 1 Ferrite
  1.93625   2.27272   0.66459      1.30000      0.50000 2130.7  0.952  0.45 3 1 Ferrite
  1.93282   2.27597   5.37132      1.40000      0.50000 1730.9  0.952  0.62 3 1 Ferrite
  5.69021   1.35798   0.49308      1.50000      0.50000 1236.0  0.071  1.57 4 1 Ferrite
  5.69167   1.36284   0.49617      1.60000      0.50000 2060.2  0.952  0.41 4 1 Ferrite
  5.69366   1.36205   0.49213      1.70000      0.50000 2293.2  0.952  0.59 4 1 Ferrite
  5.69731   1.36404   0.50901      1.80000      0.50000 2344.8  0.952  0.39 4 1 Ferrite
  5.70174   1.37135   0.50293      1.90000      0.50000 2491.6  0.952  0.36 4 1 Ferrite
  5.70370   1.36872   0.50215      2.00000      0.50000 2765.7  0.952  0.35 4 1 Ferrite
  5.70071   1.36314   0.50674      2.10000      0.50000 2844.9  0.952  0.39 4 1 Ferrite
  5.69706   1.36641   0.50703      2.20000      0.50000 3056.1  0.952  0.36 4 1 Ferrite
  5.69305   1.36431   0.50728      2.30000      0.50000 3134.0  0.952  0.42 4 1 Ferrite
  2.55272   1.78266   2.63328      2.40000      0.50000 3021.7  0.952  0.44 4 1 Ferrite
  5.69446   1.35825   0.51012      2.50000      0.50000 3143.7  0.952  0.44 4 1 Ferrite
  5.69389   1.35546   0.51086      2.60000      0.50000 3111.0  0.952  0.42 4 1 Ferrite
  5.69392   1.35541   0.51084      2.70000      0.50000 3111.2  0.952  0.39 4 1 Ferrite
  5.69402   1.35493   0.51055      2.80000      0.50000 3091.9  0.952  0.39 4 1 Ferrite
  5.47194   2.57227   4.14079      0.00000      0.60000 1836.2  0.952  0.47 5 1 Ferrite
  5.48100   2.55909   4.13997      0.10000      0.60000 2253.2  0.952  0.59 5 1 Ferrite
  5.50589   2.55100   4.16228      0.20000      0.60000 2458.8  0.929  0.76 5 1 Ferrite
  5.49427   2.55054   4.15060      0.30000      0.60000 2379.1  0.940  0.56 5 1 Ferrite
  5.50118   2.55623   4.14592      0.40000      0.60000 2190.8  0.952  0.56 5 1 Ferrite
  5.52265   2.54456   4.13040      0.50000      0.60000 1792.6  0.917  0.67 5 1 Ferrite
  5.53340   2.53342   4.14362      0.60000      0.60000 2197.3  0.905  0.63 5 1 Ferrite
  1.29865   1.87992   5.75485      0.70000      0.60000 2163.3  0.845  0.57 5 1 Ferrite
  1.29848   1.87981   5.75837      0.80000      0.60000 2028.2  0.845  0.63 5 1 Ferrite
  2.38628   0.58751   3.71983      0.90000      0.60000 1633.7  0.845  0.57 5 1 Ferrite
  2.97813   1.09506   5.57590      1.00000      0.60000 1578.8  0.536  0.91 3 1 Ferrite
  1.89727   2.31990   0.66931      1.10000      0.60000 1603.0  0.619  0.80 3 1 Ferrite
  5.03724   0.82862   0.90298      1.20000      0.60000 1438.8  0.619  1.01 3 1 Ferrite
  6.17351   2.05158   3.88307      1.30000      0.60000 1169.5  0.952  0.89 3 1 Ferrite
  5.68964   1.35728   0.50007      1.40000      0.60000 1788.5  0.619  0.62 4 1 Ferrite
  5.69144   1.36084   0.49818      1.50000      0.60000 2403.7  0.952  0.35 4 1 Ferrite
  5.69137   1.36331   0.49672      1.60000      0.60000 2897.2  0.952  0.43 4 1 Ferrite
  5.69315   1.35849   0.49682      1.70000      0.60000 2997.4  0.952  0.44 4 1 Ferrite
  5.69662   1.36373   0.50928      1.80000      0.60000 3007.6  0.952  0.41 4 1 Ferrite
  5.69733   1.37018   0.50636      1.90000      0.60000 3051.3  0.952  0.34 4 1 Ferrite
  0.62689   2.60384   4.30256      2.00000      0.60000 3016.9  0.952  0.51 4 1 Ferrite
  0.62870   2.59868   4.30311      2.10000      0.60000 2880.5  0.952  0.44 4 1 Ferrite
  5.70031   1.36213   0.50721      2.20000      0.60000 3077.0  0.952  0.41 4 1 Ferrite
  2.55417   1.78162   2.63417      2.30000      0.60000 3084.9  0.952  0.47 4 1 Ferrite
  2.55396   1.78231   2.63372      2.40000      0.60000 3077.0  0.952  0.48 4 1 Ferrite
  5.69398   1.35500   0.51056      2.50000      0.60000 3144.4  0.952  0.39 4 1 Ferrite
  5.69398   1.35500   0.51056      2.60000      0.60000 3165.8  0.952  0.36 4 1 Ferrite
  5.69399   1.35499   0.51057      2.70000      0.60000 3145.4  0.952  0.42 4 1 Ferrite
  5.69399   1.35499   0.51057      2.80000      0.60000 3147.4  0.952  0.33 4 1 Ferrite
  2.33522   0.54397   2.11109      0.00000      0.70000 1760.9  0.952  0.54 5 1 Ferrite
  5.48074   2.57715   1.01072      0.10000      0.70000 1856.0  0.952  0.49 5 1 Ferrite
  5.49251   2.56710   4.15430      0.20000      0.70000 2190.1  0.952  0.46 5 1 Ferrite
  5.48149   2.55878   4.14057      0.30000      0.70000 2354.2  0.952  0.50 5 1 Ferrite
  5.49000   2.55904   4.13834      0.40000      0.70000 2292.5  0.952  0.44 5 1 Ferrite
  5.50777   2.54480   4.12693      0.50000      0.70000 1586.5  0.940  0.75 5 1 Ferrite
  5.51633   2.53155   4.13366      0.60000      0.70000 2204.0  0.917  0.61 5 1 Ferrite
  2.37854   0.61124   3.71381      0.70000      0.70000 2545.8  0.952  0.49 5 1 Ferrite
  1.29091   1.89134   5.75388      0.80000      0.70000 2367.6  0.952  0.65 5 1 Ferrite
  5.50120   2.53414   2.55546      0.90000      0.70000 2221.0  0.952  0.47 5 1 Ferrite
  5.49921   2.53060   2.55684      1.00000      0.70000 2239.5  0.893  0.52 5 1 Ferrite
  5.50876   2.53068   2.56628      1.10000      0.70000 2017.7  0.869  0.50 5 1 Ferrite
  2.35203   0.59817   3.74159      1.20000      0.70000 1252.5  0.857  0.76 5 1 Ferrite
  5.69032   1.36826   0.50452      1.30000      0.70000 1835.1  0.952  0.44 4 1 Ferrite
  5.69136   1.36520   0.49910      1.40000      0.70000 2751.1  0.952  0.42 4 1 Ferrite
  5.69168   1.36302   0.49875      1.50000      0.70000 2883.9  0.952  0.37 4 1 Ferrite
  5.69082   1.36279   0.49700      1.60000      0.70000 3117.0  0.952  0.41 4 1 Ferrite
  5.69098   1.36371   0.49641      1.70000      0.70000 3125.9  0.952  0.41 4 1 Ferrite
  5.69399   1.36411   0.49935      1.80000      0.70000 3126.2  0.952  0.41 4 1 Ferrite
  5.69394   1.36522   0.50454      1.90000      0.70000 3170.7  0.952  0.44 4 1 Ferrite
  5.69409   1.36519   0.50218      2.00000      0.70000 3056.7  0.952  0.41 4 1 Ferrite
  5.69409   1.36561   0.50456      2.10000      0.70000 3077.6  0.952  0.44 4 1 Ferrite
  5.69984   1.36160   0.50714      2.20000      0.70000 3075.9  0.952  0.39 4 1 Ferrite
  5.70008   1.35627   0.50326      2.30000      0.70000 3127.0  0.940  0.51 4 1 Ferrite
  2.55433   1.78193   2.63444      2.40000      0.70000 3030.2  0.881  0.48 4 1 Ferrite
  5.69417   1.35470   0.51112      2.50000      0.70000 3030.6  0.952  0.42 4 1 Ferrite
  5.69398   1.35501   0.51056      2.60000      0.70000 3091.3  0.952  0.39 4 1 Ferrite
  5.69399   1.35499   0.51057      2.70000      0.70000 3120.1  0.952  0.39 4 1 Ferrite
  5.69399   1.35499   0.51057      2.80000      0.70000 3143.8  0.952  0.39 4 1 Ferrite
  1.23123   1.83454   5.80984      0.00000      0.80000 2557.2  0.952  0.46 5 1 Ferrite
  5.46644   2.60388   2.60051      0.10000      0.80000 2392.2  0.952  0.48 5 1 Ferrite
  2.32596   0.54653   2.12350      0.20000      0.80000 1878.2  0.929  0.80 5 1 Ferrite
  5.48444   2.57523   1.01381      0.30000      0.80000 1684.7  0.952  0.74 5 1 Ferrite
  5.46894   2.57846   0.99192      0.40000      0.80000 1680.4  0.952  0.80 5 1 Ferrite
  5.49229   2.54887   0.98695      0.50000      0.80000 1438.7  0.571  1.07 5 1 Ferrite
  5.49893   2.52773   4.12735      0.60000      0.80000 2032.8  0.952  0.41 5 1 Ferrite
  5.50160   2.52729   4.13353      0.70000      0.80000 2571.4  0.917  0.63 5 1 Ferrite
  2.35209   0.61007   3.72854      0.80000      0.80000 2671.6  0.952  0.55 5 1 Ferrite
  2.34705   0.61195   3.73680      0.90000      0.80000 2687.7  0.952  0.40 5 1 Ferrite
  2.34705   0.61195   3.73680      1.00000      0.80000 2723.6  0.952  0.37 5 1 Ferrite
  2.34985   0.61012   3.73317      1.10000      0.80000 2105.2  0.940  0.42 5 1 Ferrite
  5.69147   1.36863   0.50047      1.20000      0.80000 1956.1  0.952  0.34 4 1 Ferrite
  5.69125   1.36813   0.50101      1.30000      0.80000 2705.4  0.952  0.36 4 1 Ferrite
  2.54793   1.77634   2.64066      1.40000      0.80000 2953.7  0.952  0.32 4 1 Ferrite
  5.69096   1.36243   0.49855      1.50000      0.80000 2975.9  0.952  0.37 4 1 Ferrite
  5.69179   1.36341   0.49695      1.60000      0.80000 3118.4  0.952  0.40 4 1 Ferrite
  5.69702   1.36787   0.49349      1.70000      0.80000 3181.9  0.952  0.50 4 1 Ferrite
  5.70011   1.36884   0.49565      1.80000      0.80000 3152.0  0.952  0.36 4 1 Ferrite
  5.70240   1.37192   0.50120      1.90000      0.80000 3132.4  0.952  0.31 4 1 Ferrite
  5.70260   1.37062   0.49602      2.00000      0.80000 3094.6  0.952  0.26 4 1 Ferrite
  5.70244   1.37193   0.50138      2.10000      0.80000 3071.3  0.952  0.37 4 1 Ferrite
  5.69881   1.36359   0.50277      2.20000      0.80000 3049.7  0.952  0.39 4 1 Ferrite
  5.70135   1.35905   0.50436      2.30000      0.80000 3080.0  0.881  0.40 4 1 Ferrite
  5.69811   1.35838   0.50717      2.40000      0.80000 2847.0  0.881  0.49 4 1 Ferrite
  2.55335   1.78405   2.63140      2.50000      0.80000 2950.5  0.881  0.49 4 1 Ferrite
  5.69405   1.35488   0.51054      2.60000      0.80000 3054.6  0.952  0.42 4 1 Ferrite
  5.69419   1.35465   0.51101      2.70000      0.80000 3035.2  0.952  0.39 4 1 Ferrite
  5.69573   1.35263   0.50667      2.80000      0.80000 3127.2  0.952  0.39 4 1 Ferrite
  2.33751   0.53151   3.66687      0.00000      0.90000 2644.5  0.952  0.45 5 1 Ferrite
  2.32537   0.53808   3.68076      0.10000      0.90000 2817.8  0.952  0.47 5 1 Ferrite
  1.22688   1.83869   5.82053      0.20000      0.90000 2742.8  0.940  0.57 5 1 Ferrite
  5.44847   2.61093   2.58334      0.30000      0.90000 2132.6  0.952  0.58 5 1 Ferrite
  2.31004   0.54206   2.13246      0.40000      0.90000 1664.3  0.952  0.64 5 1 Ferrite
  4.35228   1.28912   5.19023      0.50000      0.90000 1597.4  0.857  0.72 5 1 Ferrite
  2.27423   0.54864   3.70750      0.60000      0.90000 1608.4  0.690  1.05 5 1 Ferrite
  5.48920   2.52351   4.13523      0.70000      0.90000 1713.6  0.536  0.81 5 1 Ferrite
  5.49349   2.52942   4.13126      0.80000      0.90000 2050.1  0.952  0.53 5 1 Ferrite
  5.49280   2.53141   2.55268      0.90000      0.90000 2097.7  0.940  0.45 5 1 Ferrite
  5.49128   2.53135   4.12061      1.00000      0.90000 2185.2  0.940  0.46 5 1 Ferrite
  2.55137   1.76959   2.63500      1.10000      0.90000 1681.0  0.619  0.64 4 1 Ferrite
  5.69291   1.37279   0.50678      1.20000      0.90000 2705.6  0.952  0.39 4 1 Ferrite
  2.54911   1.77508   2.63960      1.30000      0.90000 2963.5  0.952  0.49 4 1 Ferrite
  2.55197   1.77382   2.64298      1.40000      0.90000 3034.5  0.952  0.41 4 1 Ferrite
  2.55467   1.77450   2.64352      1.50000      0.90000 2996.2  0.952  0.44 4 1 Ferrite
  2.55711   1.77470   2.64798      1.60000      0.90000 3109.6  0.952  0.54 4 1 Ferrite
  5.70214   1.37142   0.49564      1.70000      0.90000 3120.6  0.952  0.31 4 1 Ferrite
  2.56121   1.77095   2.64568      1.80000      0.90000 3096.8  0.952  0.29 4 1 Ferrite
  5.70262   1.37064   0.49602      1.90000      0.90000 3087.2  0.952  0.29 4 1 Ferrite
  5.70244   1.37194   0.50138      2.00000      0.90000 3075.8  0.952  0.35 4 1 Ferrite
  5.70373   1.36983   0.50118      2.10000      0.90000 3050.8  0.881  0.34 4 1 Ferrite
  5.70543   1.36687   0.49895      2.20000      0.90000 3027.8  0.952  0.36 4 1 Ferrite
  5.70346   1.35895   0.50102      2.30000      0.90000 3027.2  0.881  0.47 4 1 Ferrite
  5.69958   1.36134   0.50801      2.40000      0.90000 2883.9  0.952  0.39 4 1 Ferrite
  2.55712   1.78287   2.63514      2.50000      0.90000 2965.2  0.881  0.48 4 1 Ferrite
  2.55283   1.78684   2.63059      2.60000      0.90000 3034.3  0.881  0.44 4 1 Ferrite
  5.69404   1.35485   0.51054      2.70000      0.90000 3001.2  0.952  0.39 4 1 Ferrite
  5.69571   1.35267   0.50671      2.80000      0.90000 3095.6  0.952  0.39 4 1 Ferrite
  1.23256   1.84021   5.81166      0.00000      1.00000 2298.8  0.952  0.51 5 1 Ferrite
  2.31452   0.54080   3.68770      0.10000      1.00000 2701.8  0.929  0.50 5 1 Ferrite
  2.31208   0.52907   3.68871      0.20000      1.00000 2774.3  0.952  0.47 5 1 Ferrite
  1.22622   1.83972   5.81722      0.30000      1.00000 2699.7  0.940  0.45 5 1 Ferrite
  1.22532   1.84325   5.82027      0.40000      1.00000 2380.9  0.940  0.60 5 1 Ferrite
  4.36039   1.29883   5.17799      0.50000      1.00000 1807.6  0.952  0.40 5 1 Ferrite
  2.27421   0.54591   3.70793      0.60000      1.00000 1484.3  0.952  0.41 5 1 Ferrite
  5.39697   2.59308   2.56440      0.70000      1.00000 1776.0  0.952  0.53 5 1 Ferrite
  4.33391   1.27508   5.16629      0.80000      1.00000 1435.6  0.071  1.13 5 1 Ferrite
  5.37959   2.59549   0.94282      0.90000      1.00000 1226.6  0.214  1.34 5 1 Ferrite
  5.68941   1.36936   0.51017      1.00000      1.00000 1104.8  0.071  1.50 4 1 Ferrite
  2.55098   1.76534   2.62945      1.10000      1.00000 2247.2  0.952  0.40 4 1 Ferrite
  2.55346   1.76423   2.63427      1.20000      1.00000 2768.3  0.952  0.46 4 1 Ferrite
  2.55253   1.77510   2.63654      1.30000      1.00000 2953.5  0.952  0.52 4 1 Ferrite
  0.62725   2.60577   4.30676      1.40000      1.00000 2968.1  0.881  0.47 4 1 Ferrite
  2.55467   1.77450   2.64352      1.50000      1.00000 3013.3  0.952  0.44 4 1 Ferrite
  0.63358   2.61012   4.30697      1.60000      1.00000 2950.4  0.952  0.41 4 1 Ferrite
  5.70211   1.37152   0.49626      1.70000      1.00000 2945.4  0.952  0.28 4 1 Ferrite
  0.64060   2.61044   4.31148      1.80000      1.00000 3005.9  0.952  0.30 4 1 Ferrite
  5.70383   1.36870   0.49394      1.90000      1.00000 2962.5  0.952  0.29 4 1 Ferrite
  0.63702   2.60657   4.30451      2.00000      1.00000 2899.5  0.952  0.37 4 1 Ferrite
  5.70735   1.36460   0.49964      2.10000      1.00000 3014.9  0.952  0.35 4 1 Ferrite
  5.70385   1.36919   0.50055      2.20000      1.00000 3027.0  0.881  0.34 4 1 Ferrite
  5.70546   1.36636   0.49829      2.30000      1.00000 2988.5  0.952  0.37 4 1 Ferrite
  5.69983   1.36155   0.50751      2.40000      1.00000 2946.8  0.952  0.38 4 1 Ferrite
  5.69847   1.35848   0.50643      2.50000      1.00000 2937.4  0.952  0.48 4 1 Ferrite
  0.61888   2.59648   4.28807      2.60000      1.00000 2967.9  0.881  0.50 4 1 Ferrite
  0.61244   2.59276   4.28136      2.70000      1.00000 2886.8  0.952  0.49 4 1 Ferrite
  5.69830   1.35145   0.50665      2.80000      1.00000 2999.0  0.952  0.44 4 1 Ferrite
  5.47192   2.59852   1.04261      0.00000      1.10000 1420.0  0.595  1.23 5 1 Ferrite
  2.31627   0.53897   3.68797      0.10000      1.10000 2185.2  0.940  0.50 5 1 Ferrite
  1.22642   1.84064   5.81781      0.20000      1.10000 2433.1  0.940  0.41 5 1 Ferrite
  2.31283   0.52351   3.68804      0.30000      1.10000 2790.1  0.940  0.50 5 1 Ferrite
  2.30825   0.51985   3.69746      0.40000      1.10000 2760.4  0.952  0.51 5 1 Ferrite
  2.30708   0.52014   3.69858      0.50000      1.10000 2421.2  0.952  0.50 5 1 Ferrite
  4.36648   1.29588   5.17253      0.60000      1.10000 1885.2  0.952  0.72 5 1 Ferrite
  5.42183   2.59563   2.56700      0.70000      1.10000 1757.9  0.952  0.66 5 1 Ferrite
  5.42310   2.59444   0.97758      0.80000      1.10000 1831.4  0.952  0.54 5 1 Ferrite
  1.23450   1.86622   5.81667      0.90000      1.10000 1871.3  0.952  0.44 5 1 Ferrite
  1.23261   1.86086   5.82014      1.00000      1.10000 1242.7  0.190  1.27 5 1 Ferrite
  2.55170   1.76688   2.62503      1.10000      1.10000 1539.2  0.952  0.49 4 1 Ferrite
  0.65178   2.60114   4.33466      1.20000      1.10000 2121.5  0.881  0.46 4 1 Ferrite
  0.63070   2.59846   4.31182      1.30000      1.10000 2389.8  0.952  0.49 4 1 Ferrite
  2.54918   1.77493   2.63548      1.40000      1.10000 2570.7  0.952  0.47 4 1 Ferrite
  2.55032   1.77263   2.63464      1.50000      1.10000 2659.8  0.881  0.36 4 1 Ferrite
  2.55880   1.76864   5.78612      1.60000      1.10000 2172.1  0.881  0.43 4 1 Ferrite
  3.78849   0.53221   5.10750      1.70000      1.10000 2162.8  0.952  0.37 4 1 Ferrite
  0.64815   2.61127   4.31937      1.80000      1.10000 2477.0  0.952  0.34 4 1 Ferrite
  0.63680   2.61195   4.30594      1.90000      1.10000 2565.4  0.952  0.35 4 1 Ferrite
  0.63375   2.60621   4.29932      2.00000      1.10000 2562.6  0.952  0.32 4 1 Ferrite
  0.63531   2.60258   4.29799      2.10000      1.10000 2728.6  0.881  0.34 4 1 Ferrite
  5.70183   1.37224   0.50151      2.20000      1.10000 2747.6  0.881  0.36 4 1 Ferrite
  5.70183   1.37224   0.50151      2.30000      1.10000 2828.7  0.952  0.36 4 1 Ferrite
  5.69517   1.36870   0.50595      2.40000      1.10000 2878.1  0.952  0.35 4 1 Ferrite
  5.69347   1.36557   0.50518      2.50000      1.10000 2877.5  0.952  0.42 4 1 Ferrite
  5.69503   1.36254   0.50052      2.60000      1.10000 2821.5  0.881  0.44 4 1 Ferrite
  0.61606   2.60001   4.28418      2.70000      1.10000 2639.9  0.881  0.59 4 1 Ferrite
  5.70079   1.35406   0.50330      2.80000      1.10000 2704.3  0.952  0.56 4 1 Ferrite
  3.59634   1.46480   6.16617      0.00000      1.20000 1898.6  0.750  0.58 7 1 Ferrite
  5.45377   2.59671   4.15790      0.10000      1.20000 1359.3  0.190  1.67 5 1 Ferrite
  5.45326   2.62089   4.15815      0.20000      1.20000 2198.8  0.929  0.59 5 1 Ferrite
  2.31595   0.52072   3.69072      0.30000      1.20000 2733.2  0.940  0.56 5 1 Ferrite
  2.31600   0.52073   3.69069      0.40000      1.20000 2798.9  0.940  0.57 5 1 Ferrite
  1.23208   1.83299   5.83440      0.50000      1.20000 2639.8  0.940  0.51 5 1 Ferrite
  1.22613   1.83434   5.83158      0.60000      1.20000 2552.3  0.940  0.48 5 1 Ferrite
  4.36523   1.30942   5.16668      0.70000      1.20000 2070.9  0.857  0.68 5 1 Ferrite
  2.29151   0.52747   2.15096      0.80000      1.20000 1738.9  0.952  0.54 5 1 Ferrite
  1.23667   1.85841   5.82230      0.90000      1.20000 2166.1  0.940  0.39 5 1 Ferrite
  1.23150   1.85314   5.82594      1.00000      1.20000 2087.1  0.952  0.56 5 1 Ferrite
  1.23081   1.85004   5.82995      1.10000      1.20000 1541.6  0.952  0.63 5 1 Ferrite
  1.24368   1.87503   5.81869      1.20000      1.20000 1287.2  0.298  1.20 5 1 Ferrite
  5.43082   2.59252   2.54130      1.30000      1.20000 1489.2  0.298  1.05 5 1 Ferrite
  2.54825   1.76532   5.76643      1.40000      1.20000 1297.2  0.536  0.89 4 1 Ferrite
  0.64769   2.59545   4.32663      1.50000      1.20000 1417.6  0.869  0.49 4 1 Ferrite
  4.24268   2.07396   3.36375      1.60000      1.20000 1031.0  0.321  1.30 4 1 Ferrite
  4.24924   2.07157   3.36883      1.70000      1.20000  982.7  0.131  1.65 4 1 Ferrite
  3.78433   0.54095   5.11339      1.80000      1.20000 1203.7  0.845  0.60 4 1 Ferrite
  2.56971   1.76897   5.78283      1.90000      1.20000 1373.8  0.298  1.11 4 1 Ferrite
  2.56499   1.76728   5.78032      2.00000      1.20000 1395.5  0.548  0.68 4 1 Ferrite
  2.56267   1.77337   5.77737      2.10000      1.20000 1526.1  0.881  0.42 4 1 Ferrite
  2.55760   1.77328   5.78003      2.20000      1.20000 1705.2  0.940  0.49 4 1 Ferrite
  2.55652   1.77080   5.78047      2.30000      1.20000 1955.9  0.952  0.41 4 1 Ferrite
  3.77356   0.54239   5.11764      2.40000      1.20000 2143.4  0.881  0.52 4 1 Ferrite
  2.55681   1.77251   5.78176      2.50000      1.20000 2028.7  0.952  0.49 4 1 Ferrite
  2.55609   1.77495   5.77896      2.60000      1.20000 1821.2  0.952  0.46 4 1 Ferrite
  2.55496   1.77929   5.77808      2.70000      1.20000 1665.9  0.940  0.48 4 1 Ferrite
  2.56038   1.78987   5.77429      2.80000      1.20000 1718.0  0.940  0.67 4 1 Ferrite
  3.58416   1.46749   6.16219      0.00000      1.30000 1653.3  0.857  0.60 7 1 Ferrite
  5.52852   2.50161   1.01128      0.10000      1.30000 1167.2  0.000  1.68 8 1 Ferrite
  5.46694   2.61817   4.17084      0.20000      1.30000 1356.8  0.774  0.78 5 1 Ferrite
  2.32540   0.51923   3.68539      0.30000      1.30000 2064.8  0.952  0.49 5 1 Ferrite
  1.23446   1.83064   5.82778      0.40000      1.30000 2515.3  0.940  0.50 5 1 Ferrite
  1.23428   1.83412   5.83778      0.50000      1.30000 2702.2  0.952  0.56 5 1 Ferrite
  2.30313   0.51026   3.69523      0.60000      1.30000 2660.2  0.952  0.41 5 1 Ferrite
  2.30823   0.51290   3.68909      0.70000      1.30000 2583.5  0.952  0.58 5 1 Ferrite
  5.45938   2.62336   2.60388      0.80000      1.30000 2211.1  0.952  0.60 5 1 Ferrite
  1.22948   1.84466   5.82647      0.90000      1.30000 1953.1  0.940  0.53 5 1 Ferrite
  1.22402   1.85036   5.82407      1.00000      1.30000 2312.8  0.940  0.58 5 1 Ferrite
  1.22383   1.85387   5.82303      1.10000      1.30000 2142.3  0.940  0.61 5 1 Ferrite
  2.28327   0.52966   2.15856      1.20000      1.30000 1863.9  0.952  0.50 5 1 Ferrite
  1.24354   1.86882   5.82238      1.30000      1.30000 1873.5  0.929  0.55 5 1 Ferrite
  5.37258   2.61741   2.50776      1.40000      1.30000 1279.9  0.940  0.88 5 1 Ferrite
  4.35805   1.26348   5.11899      1.50000      1.30000 1302.0  0.619  0.69 5 1 Ferrite
  2.04055   2.34763   0.74479      1.60000      1.30000 1158.4  0.952  0.59 9 0 Ferrite
  2.05764   2.34043   0.75801      1.70000      1.30000 1201.8  0.952  0.48 9 0 Ferrite
  2.07428   2.35136   0.76910      1.80000      1.30000 1217.4  0.952  0.74 9 0 Ferrite
  2.35486   0.56995   5.27992      1.90000      1.30000  937.1  0.202  1.44 10 0 Ferrite
  5.49103   2.58169   1.00648      2.00000      1.30000 1222.6  0.619  0.83 10 0 Ferrite
  5.47084   2.59261   2.56468      2.10000      1.30000 1115.0  0.619  0.96 10 0 Ferrite
  2.55353   1.76907   5.77280      2.20000      1.30000  946.5  0.250  1.23 4 1 Ferrite
  2.55375   1.76958   5.76468      2.30000      1.30000  858.2  0.381  1.11 4 1 Ferrite
  2.55386   1.77656   5.76439      2.40000      1.30000  963.2  0.619  0.97 4 1 Ferrite
  1.08227   1.07029   6.06019      2.50000      1.30000 1000.1  0.167  1.49 4 1 Ferrite
  1.09031   1.06182   6.05590      2.60000      1.30000  805.1  0.345  1.25 4 1 Ferrite
  1.08698   1.06953   6.06036      2.70000      1.30000  741.0  0.083  2.11 4 1 Ferrite
  1.10658   2.04295   5.91912      2.80000      1.30000  884.5  0.190  1.59 11 1 Ferrite
  1.28241   1.89376   5.75664      0.00000      1.40000 1319.5  0.738  0.91 8 1 Ferrite
  5.49939   2.52549   4.12607      0.10000      1.40000 1544.8  0.940  0.66 8 1 Ferrite
  5.51043   2.52721   4.13858      0.20000      1.40000 1504.4  0.881  0.59 8 1 Ferrite
  2.35482   0.60884   2.16034      0.30000      1.40000 1556.3  0.857  0.74 8 1 Ferrite
  2.32384   0.52685   2.12461      0.40000      1.40000 1600.5  0.226  1.40 5 1 Ferrite
  2.31653   0.50368   3.68870      0.50000      1.40000 2162.3  0.952  0.62 5 1 Ferrite
  2.31367   0.50668   3.68763      0.60000      1.40000 2376.3  0.952  0.47 5 1 Ferrite
  2.31299   0.50853   3.68048      0.70000      1.40000 2381.7  0.940  0.43 5 1 Ferrite
  2.31294   0.50793   3.67986      0.80000      1.40000 2439.2  0.940  0.54 5 1 Ferrite
  1.21709   1.82889   5.82045      0.90000      1.40000 2467.6  0.929  0.60 5 1 Ferrite
  4.36063   1.30667   5.16867      1.00000      1.40000 2141.4  0.940  0.58 5 1 Ferrite
  1.22610   1.84896   5.82185      1.10000      1.40000 2362.9  0.940  0.55 5 1 Ferrite
  1.23380   1.85388   5.83045      1.20000      1.40000 2246.3  0.952  0.38 5 1 Ferrite
  1.25227   1.85986   5.83562      1.30000      1.40000 1807.2  0.940  0.56 5 1 Ferrite
  5.27318   1.75099   4.88424      1.40000      1.40000 1334.0  0.369  1.41 12 0 Ferrite
  2.18517   0.49336   2.23556      1.50000      1.40000  977.0  0.190  1.65 5 1 Ferrite
  2.00924   2.32055   5.44513      1.60000      1.40000 1133.1  0.571  0.90 9 0 Ferrite
  2.03470   2.32409   5.47159      1.70000      1.40000 1283.1  0.952  0.47 9 0 Ferrite
  3.02574   1.04663   5.63363      1.80000      1.40000 1498.2  0.952  0.58 9 0 Ferrite
  3.01047   1.05345   5.62740      1.90000      1.40000 1423.9  0.952  0.49 9 0 Ferrite
  1.98813   2.33220   0.74029      2.00000      1.40000 1408.3  0.952  0.34 9 0 Ferrite
  1.97090   2.33371   0.72570      2.10000      1.40000 1417.8  0.952  0.43 9 0 Ferrite
  1.96847   2.33467   0.71983      2.20000      1.40000 1456.7  0.952  0.54 9 0 Ferrite
  6.14370   2.05936   3.81816      2.30000      1.40000 1623.9  0.952  0.41 9 0 Ferrite
  3.00800   1.08017   5.59477      2.40000      1.40000 1241.4  0.952  0.49 9 0 Ferrite
  6.18383   2.13417   3.80226      2.50000      1.40000 1546.4  0.952  0.57 13 1 Ferrite
  6.17888   2.13322   3.78362      2.60000      1.40000 1901.8  0.952  0.48 13 1 Ferrite
  6.17874   2.13278   3.78650      2.70000      1.40000 1911.0  0.952  0.60 13 1 Ferrite
  3.03015   1.00485   5.65685      2.80000      1.40000 2001.4  0.952  0.38 13 1 Ferrite
  1.28076   1.90793   5.76404      0.00000      1.50000 1868.4  0.940  0.55 8 1 Ferrite
  6.18071   1.07359   1.18931      0.10000      1.50000 1926.2  0.952  0.47 8 1 Ferrite
  5.49144   2.53150   4.12082      0.20000      1.50000 2081.4  0.940  0.45 8 1 Ferrite
  5.48981   2.53431   4.11805      0.30000      1.50000 2299.8  0.952  0.60 8 1 Ferrite
  2.35087   0.60994   3.73208      0.40000      1.50000 2397.1  0.952  0.44 8 1 Ferrite
  2.35114   0.61384   3.72735      0.50000      1.50000 1964.4  0.952  0.63 8 1 Ferrite
  2.34203   0.61179   2.16348      0.60000      1.50000 1623.6  0.774  0.85 8 1 Ferrite
  4.37153   1.31755   5.15604      0.70000      1.50000 1593.8  0.952  0.55 5 1 Ferrite
  2.31285   0.50923   3.68112      0.80000      1.50000 2250.7  0.940  0.42 5 1 Ferrite
  2.31522   0.51560   3.67099      0.90000      1.50000 2527.5  0.940  0.50 5 1 Ferrite
  2.31210   0.51733   3.67503      1.00000      1.50000 2553.6  0.952  0.45 5 1 Ferrite
  5.44166   2.62675   2.58476      1.10000      1.50000 2443.3  0.952  0.38 5 1 Ferrite
  5.43906   2.62053   2.58062      1.20000      1.50000 1852.0  0.952  0.62 5 1 Ferrite
  4.45463   0.26017   2.36586      1.30000      1.50000 1369.1  0.333  1.41 12 0 Ferrite
  4.49544   0.25551   2.33529      1.40000      1.50000 1961.7  0.750  0.53 12 0 Ferrite
  4.50649   0.23449   2.32152      1.50000      1.50000 2073.1  0.762  0.39 12 0 Ferrite
  4.49035   0.23460   2.33291      1.60000      1.50000 1683.5  0.762  0.30 12 0 Ferrite
  1.23069   1.90984   5.90440      1.70000      1.50000  883.5  0.143  1.57 14 0 Ferrite
  2.02046   2.36586   0.77152      1.80000      1.50000 1156.3  0.940  0.80 9 0 Ferrite
  1.98565   2.35825   5.46623      1.90000      1.50000 1400.0  0.952  0.55 9 0 Ferrite
  4.19530   2.12568   0.96732      2.00000      1.50000 1645.1  0.952  0.52 9 0 Ferrite
  6.11693   2.07095   3.79813      2.10000      1.50000 1915.1  0.952  0.45 9 0 Ferrite
  2.97776   1.07676   5.61090      2.20000      1.50000 1974.6  0.952  0.47 9 0 Ferrite
  2.98099   1.08612   5.59806      2.30000      1.50000 1869.7  0.952  0.74 9 0 Ferrite
  2.98057   1.08885   5.59577      2.40000      1.50000 1693.0  0.952  0.57 9 0 Ferrite
  1.93812   2.31899   0.70251      2.50000      1.50000 1281.4  0.202  1.58 9 0 Ferrite
  6.17801   2.12764   3.77978      2.60000      1.50000 2337.3  0.952  0.54 13 1 Ferrite
  6.17729   2.12700   3.78372      2.70000      1.50000 2693.0  0.952  0.52 13 1 Ferrite
  3.03961   1.00881   5.64824      2.80000      1.50000 2606.3  0.952  0.31 13 1 Ferrite
  5.46063   2.52609   4.09045      0.00000      1.60000 1664.4  0.952  0.46 8 1 Ferrite
  5.47128   2.52503   4.10283      0.10000      1.60000 1762.9  0.940  0.44 8 1 Ferrite
  5.48237   2.52487   4.10943      0.20000      1.60000 1870.5  0.940  0.41 8 1 Ferrite
  2.34131   0.60990   3.74308      0.30000      1.60000 2060.2  0.881  0.45 8 1 Ferrite
  2.34218   0.61362   3.73384      0.40000      1.60000 2018.4  0.881  0.44 8 1 Ferrite
  2.34168   0.61880   3.73468      0.50000      1.60000 1983.0  0.881  0.49 8 1 Ferrite
  2.32765   0.60578   3.74942      0.60000      1.60000 1898.9  0.952  0.64 8 1 Ferrite
  1.27465   1.90242   4.20192      0.70000      1.60000 1238.7  0.940  0.69 8 1 Ferrite
  6.06302   1.13968   1.28757      0.80000      1.60000 1171.6  0.262  1.53 5 1 Ferrite
  2.31010   0.51054   3.68227      0.90000      1.60000 1882.9  0.940  0.50 5 1 Ferrite
  2.31572   0.51249   3.67105      1.00000      1.60000 2332.0  0.940  0.57 5 1 Ferrite
  2.30427   0.51540   3.68256      1.10000      1.60000 2648.7  0.952  0.56 5 1 Ferrite
  1.21615   1.82700   5.83742      1.20000      1.60000 2394.4  0.952  0.64 5 1 Ferrite
  4.36569   1.30732   5.15368      1.30000      1.60000 1367.1  0.190  1.50 5 1 Ferrite
  4.48426   0.25713   2.34039      1.40000      1.60000 1618.9  0.726  0.68 12 0 Ferrite
  4.48628   0.24717   2.34117      1.50000      1.60000 1965.1  0.750  0.56 12 0 Ferrite
  2.99446   2.35424   0.13564      1.60000      1.60000 1072.5  0.143  1.34 15 0 Ferrite
  6.05081   1.21675   1.23738      1.70000      1.60000  902.7  0.500  1.01 14 0 Ferrite
  6.01801   1.22311   4.37347      1.80000      1.60000 1110.1  0.583  0.90 14 0 Ferrite
  1.99594   2.36777   0.75911      1.90000      1.60000 1297.5  0.298  1.22 9 0 Ferrite
  1.97405   2.35016   0.73915      2.00000      1.60000 1471.2  0.952  0.60 9 0 Ferrite
  6.11965   2.06728   3.79782      2.10000      1.60000 1771.5  0.952  0.33 9 0 Ferrite
  2.98083   1.07943   5.60863      2.20000      1.60000 1862.0  0.952  0.41 9 0 Ferrite
  6.11648   2.05598   3.81759      2.30000      1.60000 1787.8  0.952  0.43 9 0 Ferrite
  2.97291   1.08749   5.59438      2.40000      1.60000 1735.5  0.952  0.29 9 0 Ferrite
  6.12524   2.05750   3.84131      2.50000      1.60000 1433.4  0.952  0.49 9 0 Ferrite
  6.17441   2.13013   3.79092      2.60000      1.60000 1385.8  0.619  0.89 13 1 Ferrite
  2.08264   2.32277   0.80525      2.70000      1.60000 2132.3  0.952  0.50 13 1 Ferrite
  4.24905   2.08290   4.06115      2.80000      1.60000 1976.2  0.952  0.57 13 1 Ferrite
  3.57470   1.42866   3.00224      0.00000      1.70000 1165.4  0.131  1.47 16 1 Ferrite
  2.32890   0.65002   2.17210      0.10000      1.70000 1232.8  0.952  0.61 8 1 Ferrite
  5.46339   2.48759   5.68624      0.20000      1.70000 1342.9  0.917  0.72 8 1 Ferrite
  2.30594   0.65335   3.75757      0.30000      1.70000 1288.5  0.310  1.43 8 1 Ferrite
  4.40448   1.21715   2.11023      0.40000      1.70000 1163.1  0.012  1.90 8 1 Ferrite
  6.14768   1.06085   4.35693      0.50000      1.70000 1163.0  0.012  1.99 8 1 Ferrite
  4.33407   1.17643   2.20117      0.60000      1.70000 1029.4  0.083  1.94 8 1 Ferrite
  6.16515   1.10302   1.19705      0.70000      1.70000  856.3  0.881  0.63 8 1 Ferrite
  6.16228   1.09610   1.20662      0.80000      1.70000  822.2  0.619  1.24 8 1 Ferrite
  5.43947   2.62870   4.16558      0.90000      1.70000 1258.0  0.881  0.47 5 1 Ferrite
  1.21383   1.82709   5.83556      1.00000      1.70000 1838.9  0.940  0.53 5 1 Ferrite
  1.21087   1.83129   5.83327      1.10000      1.70000 2321.8  0.952  0.54 5 1 Ferrite
  1.21020   1.83223   5.83713      1.20000      1.70000 2468.2  0.952  0.47 5 1 Ferrite
  5.43682   2.62780   2.59653      1.30000      1.70000 1906.2  0.952  0.53 5 1 Ferrite
  4.35239   1.31944   5.16394      1.40000      1.70000 1315.8  0.369  1.03 5 1 Ferrite
  4.46543   0.27207   2.34345      1.50000      1.70000 1173.5  0.464  1.20 12 0 Ferrite
  2.17253   0.46759   2.24752      1.60000      1.70000 1008.2  0.560  1.10 17 0 Ferrite
  6.09937   1.18477   4.09200      1.70000      1.70000  902.4  0.345  1.23 18 1 Ferrite
  2.95764   1.96574   5.33187      1.80000      1.70000 1076.8  0.190  1.50 18 1 Ferrite
  2.96209   1.96491   5.33650      1.90000      1.70000 1284.3  0.619  0.97 18 1 Ferrite
  6.10022   1.17455   0.95400      2.00000      1.70000 1494.0  0.619  0.81 18 1 Ferrite
  6.10186   1.18179   0.95235      2.10000      1.70000 1721.6  0.619  0.74 18 1 Ferrite
  6.08908   1.18110   0.95513      2.20000      1.70000 1683.6  0.619  1.00 18 1 Ferrite
  6.08481   1.17000   0.95465      2.30000      1.70000 1814.3  0.952  0.56 18 1 Ferrite
  6.08706   1.15840   0.94645      2.40000      1.70000 1810.1  0.952  0.48 18 1 Ferrite
  6.07476   1.15358   0.95624      2.50000      1.70000 1755.1  0.952  0.63 18 1 Ferrite
  4.22481   1.01830   5.21095      2.60000      1.70000 1841.3  0.952  0.76 18 1 Ferrite
  2.93140   1.98655   5.32402      2.70000      1.70000 1505.6  0.619  0.90 18 1 Ferrite
  2.12538   2.35371   0.83465      2.80000      1.70000 1567.3  0.917  0.63 13 1 Ferrite
  5.94306   0.17482   0.77464      0.00000      1.80000 1433.0  0.881  0.37 16 1 Ferrite
  1.23637   1.93332   4.13162      0.10000      1.80000  995.7  0.738  0.95 8 1 Ferrite
  5.43404   2.45603   2.51866      0.20000      1.80000 1168.6  0.869  0.71 8 1 Ferrite
  2.29048   0.70781   5.32460      0.30000      1.80000 1337.7  0.881  0.61 8 1 Ferrite
  5.43063   2.40559   4.10163      0.40000      1.80000 1336.6  0.845  0.69 8 1 Ferrite
  5.42037   2.41289   4.10326      0.50000      1.80000 1550.3  0.881  0.38 8 1 Ferrite
  6.16670   0.99695   1.09815      0.60000      1.80000 1401.6  0.857  0.46 8 1 Ferrite
  2.18254   2.08678   0.83295      0.70000      1.80000  625.0  0.048  1.56 19 0 Ferrite
  2.23995   1.48747   3.06981      0.80000      1.80000  860.6  0.417  0.85 20 1 Ferrite
  4.76557   0.11251   2.18841      0.90000      1.80000 1374.2  0.179  1.11 20 1 Ferrite
  6.04508   1.14315   4.42062      1.00000      1.80000 1458.4  0.012  1.64 5 1 Ferrite
  5.42852   2.62386   1.02108      1.10000      1.80000 1620.0  0.190  1.35 5 1 Ferrite
  5.42303   2.62686   2.59030      1.20000      1.80000 1843.0  0.369  1.11 5 1 Ferrite
  5.43503   2.62533   2.59739      1.30000      1.80000 1606.5  0.619  0.88 5 1 Ferrite
  5.44626   2.62944   2.61239      1.40000      1.80000 1523.3  0.607  0.79 5 1 Ferrite
  4.24580   1.00516   5.19836      1.50000      1.80000 1237.2  0.607  1.00 18 1 Ferrite
  6.09692   1.17627   0.94466      1.60000      1.80000 1759.2  0.952  0.76 18 1 Ferrite
  6.09952   1.17978   0.94473      1.70000      1.80000 1887.0  0.952  0.47 18 1 Ferrite
  6.10482   1.18305   0.94462      1.80000      1.80000 1938.8  0.952  0.48 18 1 Ferrite
  6.10377   1.18103   0.94904      1.90000      1.80000 2192.5  0.952  0.42 18 1 Ferrite
  4.26440   1.00695   5.18287      2.00000      1.80000 2333.7  0.952  0.38 18 1 Ferrite
  4.26458   1.00733   5.18221      2.10000      1.80000 2437.2  0.952  0.37 18 1 Ferrite
  6.09505   1.17800   0.95053      2.20000      1.80000 2415.9  0.952  0.51 18 1 Ferrite
  4.24434   1.00985   5.19179      2.30000      1.80000 2354.7  0.952  0.39 18 1 Ferrite
  6.08347   1.15953   0.94923      2.40000      1.80000 2305.1  0.952  0.48 18 1 Ferrite
  4.22608   1.01493   5.21145      2.50000      1.80000 2258.7  0.952  0.48 18 1 Ferrite
  4.22553   1.01749   5.20873      2.60000      1.80000 2226.2  0.952  0.68 18 1 Ferrite
  4.22458   1.01833   5.21114      2.70000      1.80000 1943.3  0.952  0.53 18 1 Ferrite
  6.07316   1.15913   0.95406      2.80000      1.80000 1318.8  0.190  1.44 18 1 Ferrite
  2.81279   2.96132   0.80000      0.00000      1.90000 1127.5  0.357  1.16 16 1 Ferrite
  4.37962   1.19228   5.29322      0.10000      1.90000  901.8  0.131  1.71 8 1 Ferrite
  6.20168   1.02939   4.24445      0.20000      1.90000 1147.3  0.071  1.77 8 1 Ferrite
  4.59094   0.08603   2.36530      0.30000      1.90000 1342.1  0.012  1.37 20 1 Ferrite
  4.62669   0.09375   2.32995      0.40000      1.90000 1341.0  0.179  1.17 20 1 Ferrite
  4.60112   0.08898   2.35727      0.50000      1.90000 1491.0  0.429  0.81 20 1 Ferrite
  4.62244   0.09438   2.33294      0.60000      1.90000 1674.7  0.750  0.57 20 1 Ferrite
  3.80494   1.63927   6.21069      0.70000      1.90000 1781.7  0.762  0.46 20 1 Ferrite
  3.80543   1.64028   6.20469      0.80000      1.90000 1968.7  0.726  0.47 20 1 Ferrite
  3.80702   1.63722   6.19272      0.90000      1.90000 2236.8  0.762  0.44 20 1 Ferrite
  3.80705   1.63727   6.19272      1.00000      1.90000 2244.6  0.762  0.44 20 1 Ferrite
  3.81062   1.63703   6.19974      1.10000      1.90000 2085.7  0.762  0.56 20 1 Ferrite
  4.63157   0.10597   2.31690      1.20000      1.90000 1851.6  0.762  0.55 20 1 Ferrite
  3.80198   1.64897   6.19507      1.30000      1.90000 1491.5  0.417  0.86 20 1 Ferrite
  4.49116   0.12462   2.45617      1.40000      1.90000 1547.2  0.750  0.73 20 1 Ferrite
  2.23199   1.48143   3.03055      1.50000      1.90000 1419.6  0.357  1.29 20 1 Ferrite
  4.25073   1.00451   5.19116      1.60000      1.90000 1630.7  0.619  0.95 18 1 Ferrite
  1.11437   2.14374   4.23632      1.70000      1.90000 1734.4  0.619  0.87 18 1 Ferrite
  4.26133   0.99468   5.18707      1.80000      1.90000 1745.5  0.619  0.83 18 1 Ferrite
  4.26450   1.00665   5.18251      1.90000      1.90000 1930.2  0.619  0.87 18 1 Ferrite
  4.26839   1.00750   5.18403      2.00000      1.90000 2166.6  0.952  0.40 18 1 Ferrite
  4.26423   1.00688   5.18250      2.10000      1.90000 2161.6  0.952  0.36 18 1 Ferrite
  4.25932   1.00524   5.18574      2.20000      1.90000 2027.4  0.952  0.46 18 1 Ferrite
  4.24438   1.01000   5.19184      2.30000      1.90000 1908.6  0.952  0.39 18 1 Ferrite
  4.24158   1.01177   5.19798      2.40000      1.90000 1705.3  0.619  0.77 18 1 Ferrite
  4.23213   1.01564   5.20305      2.50000      1.90000 1531.8  0.369  1.12 18 1 Ferrite
  4.22480   1.02042   5.21200      2.60000      1.90000 1409.3  0.369  1.10 18 1 Ferrite
  3.54716   1.48920   0.72399      2.70000      1.90000 1360.8  0.000  1.60 21 0 Ferrite
  4.41003   0.23190   2.42135      2.80000      1.90000 1156.3  0.012  1.65 22 1 Ferrite
  4.75181   0.09033   2.18462      0.00000      2.00000 1604.9  0.643  0.74 20 1 Ferrite
  4.72379   0.09813   2.22425      0.10000      2.00000 1750.2  0.762  0.50 20 1 Ferrite
  4.66433   0.09962   2.28277      0.20000      2.00000 1902.6  0.762  0.64 20 1 Ferrite
  4.66397   0.09810   2.28476      0.30000      2.00000 2131.6  0.762  0.54 20 1 Ferrite
  3.81612   1.64076   6.20706      0.40000      2.00000 1992.5  0.762  0.59 20 1 Ferrite
  3.81742   1.63869   6.20849      0.50000      2.00000 2026.1  0.762  0.46 20 1 Ferrite
  3.81674   1.64200   6.20922      0.60000      2.00000 2118.2  0.762  0.65 20 1 Ferrite
  3.80988   1.64465   6.20999      0.70000      2.00000 2097.9  0.762  0.61 20 1 Ferrite
  3.80723   1.64154   6.20097      0.80000      2.00000 2040.3  0.762  0.61 20 1 Ferrite
  3.80279   1.63593   6.19129      0.90000      2.00000 1973.9  0.762  0.55 20 1 Ferrite
  3.80415   1.63502   6.18940      1.00000      2.00000 1754.0  0.750  0.47 20 1 Ferrite
  3.80689   1.63889   6.19396      1.10000      2.00000 1443.6  0.286  1.00 20 1 Ferrite
  5.26207   1.73472   4.88287      1.20000      2.00000 1374.3  0.190  1.36 23 1 Ferrite
  3.80613   1.65828   6.19404      1.30000      2.00000 1101.1  0.024  1.68 20 1 Ferrite
  1.41681   3.00764   5.46621      1.40000      2.00000  995.3  0.155  1.42 20 1 Ferrite
  3.78735   1.67792   6.19573      1.50000      2.00000 1099.7  0.488  1.05 20 1 Ferrite
  1.20232   1.86117   5.82250      1.60000      2.00000 1431.2  0.643  1.01 24 0 Ferrite
  1.19771   1.85357   5.82102      1.70000      2.00000 1965.1  0.940  0.67 24 0 Ferrite
  1.19663   1.85741   5.81966      1.80000      2.00000 2106.2  0.940  0.56 24 0 Ferrite
  1.19502   1.86529   5.82153      1.90000      2.00000 1953.9  0.929  0.61 24 0 Ferrite
  1.12371   2.13102   4.24311      2.00000      2.00000 1437.7  0.202  1.48 18 1 Ferrite
  4.26454   1.00873   5.18332      2.10000      2.00000 1351.0  0.060  1.47 18 1 Ferrite
  4.47620   0.26782   2.35734      2.20000      2.00000 1538.6  0.881  0.44 22 1 Ferrite
  4.44427   0.26067   2.39052      2.30000      2.00000 1743.7  0.762  0.44 22 1 Ferrite
  4.45247   0.25309   2.38636      2.40000      2.00000 1655.4  0.762  0.34 22 1 Ferrite
  5.27760   1.73551   4.89599      2.50000      2.00000 1672.9  0.750  0.53 22 1 Ferrite
  5.27202   1.72843   4.90119      2.60000      2.00000 1461.9  0.750  0.47 22 1 Ferrite
  4.35192   0.23261   2.48497      2.70000      2.00000 1613.0  0.631  0.48 22 1 Ferrite
  4.35369   0.22462   2.48082      2.80000      2.00000 1635.8  0.750  0.59 22 1 Ferrite
  3.79677   1.63083   6.20479      0.00000      2.10000 1779.6  0.762  0.43 20 1 Ferrite
  3.80023   1.63243   6.20823      0.10000      2.10000 1662.1  0.762  0.46 20 1 Ferrite
  3.80473   1.63191   6.20425      0.20000      2.10000 1618.6  0.762  0.35 20 1 Ferrite
  3.80814   1.63529   6.20762      0.30000      2.10000 1708.7  0.738  0.42 20 1 Ferrite
  3.81602   1.63938   6.20671      0.40000      2.10000 1500.2  0.750  0.54 20 1 Ferrite
  3.81886   1.64578   6.20504      0.50000      2.10000 1491.5  0.429  0.80 20 1 Ferrite
  3.81711   1.64697   6.20625      0.60000      2.10000 1487.7  0.429  0.91 20 1 Ferrite
  2.25024   1.49633   3.06498      0.70000      2.10000 1392.5  0.750  0.57 20 1 Ferrite
  2.24352   1.48812   3.06750      0.80000      2.10000 1197.2  0.429  0.86 20 1 Ferrite
  3.80467   1.63689   6.19206      0.90000      2.10000  997.5  0.405  0.89 20 1 Ferrite
  3.80650   1.63613   6.18858      1.00000      2.10000  794.0  0.750  0.49 20 1 Ferrite
  4.48133   0.22329   2.32887      1.10000      2.10000 1741.8  0.750  0.44 23 1 Ferrite
  4.44835   0.23903   2.36831      1.20000      2.10000 2024.2  0.762  0.51 23 1 Ferrite
  4.42341   0.23953   2.38879      1.30000      2.10000 2044.9  0.762  0.47 23 1 Ferrite
  3.64979   1.74536   6.11005      1.40000      2.10000 1909.5  0.750  0.56 23 1 Ferrite
  4.42967   0.24335   2.36923      1.50000      2.10000 2094.8  0.762  0.47 23 1 Ferrite
  4.41136   0.24839   2.38785      1.60000      2.10000 1421.1  0.548  1.17 23 1 Ferrite
  1.19473   1.85474   5.81607      1.70000      2.10000 2044.2  0.952  0.51 24 0 Ferrite
  1.19355   1.85737   5.82022      1.80000      2.10000 2350.7  0.952  0.40 24 0 Ferrite
  1.19229   1.85950   5.82527      1.90000      2.10000 2525.9  0.952  0.45 24 0 Ferrite
  1.19944   1.85901   5.84497      2.00000      2.10000 2440.0  0.940  0.66 24 0 Ferrite
  4.35114   1.27593   5.14432      2.10000      2.10000 1585.0  0.643  0.68 24 0 Ferrite
  0.52321   1.37931   0.18244      2.20000      2.10000 1690.6  0.762  0.61 22 1 Ferrite
  5.27082   1.73569   4.89648      2.30000      2.10000 1922.8  0.762  0.37 22 1 Ferrite
  5.27235   1.72527   4.89831      2.40000      2.10000 1900.0  0.750  0.40 22 1 Ferrite
  5.26987   1.71896   4.88861      2.50000      2.10000 1631.6  0.762  0.40 22 1 Ferrite
  5.26356   1.69039   4.88733      2.60000      2.10000 1657.5  0.750  0.49 22 1 Ferrite
  5.27372   1.69382   4.88671      2.70000      2.10000 1769.0  0.762  0.44 22 1 Ferrite
  5.27147   1.69080   4.88769      2.80000      2.10000 1905.9  0.762  0.58 22 1 Ferrite
  1.99499   2.34591   0.72680      0.00000      2.20000 1429.9  0.619  0.74 25 1 Ferrite
  4.97490   1.39987   4.77191      0.10000      2.20000 1005.7  0.012  2.11 26 0 Ferrite
  3.03628   1.06779   5.67819      0.20000      2.20000 1530.0  0.952  0.54 25 1 Ferrite
  2.06465   2.37609   0.76057      0.30000      2.20000 1489.3  0.952  0.47 25 1 Ferrite
  3.03367   1.08679   5.66213      0.40000      2.20000 1245.1  0.952  0.47 25 1 Ferrite
  6.17433   2.03365   3.77738      0.50000      2.20000 1124.7  0.952  0.44 25 1 Ferrite
  3.04695   1.12493   5.62695      0.60000      2.20000 1257.1  0.952  0.47 25 1 Ferrite
  3.05408   1.11717   5.61643      0.70000      2.20000 1390.5  0.952  0.46 25 1 Ferrite
  1.15545   0.97463   0.56141      0.80000      2.20000  938.4  0.952  0.42 25 1 Ferrite
  2.11703   2.33777   5.49570      0.90000      2.20000  717.6  0.702  1.36 27 0 Ferrite
  1.14812   1.02981   5.34576      1.00000      2.20000  549.9  0.560  1.15 27 0 Ferrite
  4.48097   0.23520   2.32242      1.10000      2.20000 2103.2  0.750  0.49 23 1 Ferrite
  4.48763   0.24097   2.32305      1.20000      2.20000 2453.6  0.750  0.52 23 1 Ferrite
  4.45662   0.24169   2.35316      1.30000      2.20000 2660.8  0.750  0.44 23 1 Ferrite
  3.65192   1.74550   6.10790      1.40000      2.20000 2502.0  0.762  0.41 23 1 Ferrite
  4.41107   0.24127   2.39855      1.50000      2.20000 2562.9  0.762  0.50 23 1 Ferrite
  4.40552   0.24346   2.40356      1.60000      2.20000 2190.0  0.762  0.47 23 1 Ferrite
  1.19563   1.85352   5.81905      1.70000      2.20000  904.9  0.298  1.55 24 0 Ferrite
  1.19262   1.86298   5.81852      1.80000      2.20000 1607.0  0.952  0.48 24 0 Ferrite
  2.23016   0.53368   3.74665      1.90000      2.20000 2434.0  0.940  0.51 24 0 Ferrite
  1.20421   1.86675   5.83948      2.00000      2.20000 2660.6  0.940  0.52 24 0 Ferrite
  4.34663   1.27276   5.15088      2.10000      2.20000 2567.8  0.952  0.44 24 0 Ferrite
  2.20651   0.52520   3.77902      2.20000      2.20000 1667.1  0.655  0.73 24 0 Ferrite
  5.26287   1.71808   4.89715      2.30000      2.20000 1436.5  0.750  0.61 22 1 Ferrite
  5.26211   1.70346   4.89491      2.40000      2.20000 1888.7  0.750  0.46 22 1 Ferrite
  4.28417   0.21244   2.54044      2.50000      2.20000 1708.2  0.750  0.44 22 1 Ferrite
  5.25982   1.67660   4.88600      2.60000      2.20000 1744.2  0.738  0.51 22 1 Ferrite
  0.52971   1.40077   0.10678      2.70000      2.20000 2061.0  0.750  0.39 22 1 Ferrite
  0.52780   1.39756   0.10733      2.80000      2.20000 1968.4  0.750  0.39 22 1 Ferrite
  1.99355   2.34754   0.72281      0.00000      2.30000 1919.8  0.952  0.41 25 1 Ferrite
  2.00850   2.35865   0.73371      0.10000      2.30000 1693.1  0.952  0.38 25 1 Ferrite
  2.02213   2.36122   5.44541      0.20000      2.30000 1511.2  0.952  0.60 25 1 Ferrite
  3.02637   1.08101   5.64477      0.30000      2.30000 1701.8  0.952  0.43 25 1 Ferrite
  3.02852   1.09313   5.64244      0.40000      2.30000 1601.5  0.952  0.44 25 1 Ferrite
  3.02487   1.10009   5.63518      0.50000      2.30000 1751.3  0.952  0.52 25 1 Ferrite
  6.16004   2.04210   3.78571      0.60000      2.30000 1048.0  0.881  0.61 25 1 Ferrite
  6.19528   2.04168   0.66602      0.70000      2.30000  970.9  0.238  1.36 25 1 Ferrite
  1.97743   2.33022   0.64735      0.80000      2.30000 1114.8  0.952  0.48 25 1 Ferrite
  3.07740   1.11914   5.55655      0.90000      2.30000 1111.5  0.655  0.81 25 1 Ferrite
  1.98172   2.29778   0.64618      1.00000      2.30000  766.2  0.202  1.62 25 1 Ferrite
  3.64664   1.73626   6.10137      1.10000      2.30000 1962.3  0.738  0.71 23 1 Ferrite
  3.65284   1.74028   6.10162      1.20000      2.30000 2514.1  0.750  0.49 23 1 Ferrite
  3.66118   1.74974   6.10707      1.30000      2.30000 2724.9  0.762  0.44 23 1 Ferrite
  4.44303   0.24969   2.37744      1.40000      2.30000 2700.4  0.750  0.42 23 1 Ferrite
  4.42090   0.25061   2.39929      1.50000      2.30000 2637.1  0.750  0.53 23 1 Ferrite
  4.39425   0.25229   2.41752      1.60000      2.30000 2399.2  0.762  0.50 23 1 Ferrite
  4.41865   0.23200   2.40423      1.70000      2.30000  801.6  0.107  1.26 23 1 Ferrite
  2.15386   1.45727   2.96627      1.80000      2.30000  875.0  0.298  1.20 23 1 Ferrite
  5.37474   2.60988   4.10612      1.90000      2.30000 1330.0  0.881  0.58 24 0 Ferrite
  1.20640   1.86404   5.83590      2.00000      2.30000 2169.3  0.940  0.51 24 0 Ferrite
  2.23023   0.52737   3.75598      2.10000      2.30000 2405.5  0.940  0.51 24 0 Ferrite
  2.22651   0.53302   3.76159      2.20000      2.30000 2349.0  0.952  0.47 24 0 Ferrite
  1.21679   1.87064   5.83256      2.30000      2.30000 1724.0  0.940  0.74 24 0 Ferrite
  4.23049   0.21512   2.58965      2.40000      2.30000 1400.6  0.429  0.76 22 1 Ferrite
  4.23801   0.20913   2.58828      2.50000      2.30000 1483.9  0.738  0.49 22 1 Ferrite
  1.03372   2.95430   5.22853      2.60000      2.30000 1088.5  0.881  0.85 22 1 Ferrite
  1.07315   2.94071   5.25834      2.70000      2.30000 1554.8  0.738  0.62 22 1 Ferrite
  1.04462   2.94499   5.23783      2.80000      2.30000 1665.5  0.762  0.61 22 1 Ferrite
  6.15424   2.06737   3.78908      0.00000      2.40000 1966.0  0.952  0.37 25 1 Ferrite
  1.99418   2.34807   0.72165      0.10000      2.40000 1894.6  0.952  0.41 25 1 Ferrite
  3.00940   1.08062   5.63266      0.20000      2.40000 1866.1  0.952  0.44 25 1 Ferrite
  3.00825   1.08073   5.62858      0.30000      2.40000 1883.2  0.952  0.52 25 1 Ferrite
  6.15500   2.05442   3.79995      0.40000      2.40000 1797.2  0.952  0.70 25 1 Ferrite
  3.00723   1.09520   5.63521      0.50000      2.40000 1749.3  0.952  0.47 25 1 Ferrite
  3.00106   1.09620   5.64421      0.60000      2.40000 1397.0  0.952  0.36 25 1 Ferrite
  2.99577   1.08998   5.64660      0.70000      2.40000 1824.3  0.952  0.29 25 1 Ferrite
  5.32379   2.63508   2.43756      0.80000      2.40000  951.7  0.607  0.82 28 0 Ferrite
  2.18449   0.50461   5.40952      0.90000      2.40000 1006.2  0.179  1.53 28 0 Ferrite
  3.07875   1.11374   5.54856      1.00000      2.40000 1008.6  0.952  0.55 25 1 Ferrite
  3.65618   1.75795   6.10532      1.10000      2.40000 1811.1  0.750  0.78 23 1 Ferrite
  3.65868   1.74776   6.09904      1.20000      2.40000 2534.6  0.762  0.79 23 1 Ferrite
  3.66121   1.75087   6.10448      1.30000      2.40000 2730.7  0.750  0.36 23 1 Ferrite
  4.44799   0.25436   2.37130      1.40000      2.40000 2695.8  0.750  0.39 23 1 Ferrite
  3.66339   1.75567   6.10792      1.50000      2.40000 2634.0  0.750  0.49 23 1 Ferrite
  3.65930   1.75804   6.11138      1.60000      2.40000 2475.1  0.750  0.45 23 1 Ferrite
  4.40377   0.21961   5.58330      1.70000      2.40000 1110.8  0.845  0.77 23 1 Ferrite
  3.70009   1.74916   6.15308      1.80000      2.40000 1261.4  0.762  0.65 23 1 Ferrite
  2.16390   1.43951   2.96377      1.90000      2.40000 1027.5  0.190  1.33 23 1 Ferrite
  5.38721   2.61100   4.11146      2.00000      2.40000 1292.2  0.952  0.40 24 0 Ferrite
  5.38038   2.60938   4.09839      2.10000      2.40000 2042.1  0.952  0.57 24 0 Ferrite
  5.37890   2.60848   4.09681      2.20000      2.40000 2279.6  0.952  0.56 24 0 Ferrite
  1.21601   1.86965   5.82391      2.30000      2.40000 2278.3  0.940  0.56 24 0 Ferrite
  2.27100   0.53496   3.72587      2.40000      2.40000 1513.7  0.952  0.60 24 0 Ferrite
  1.13559   2.92678   5.29401      2.50000      2.40000  846.4  0.262  1.20 22 1 Ferrite
  2.05106   1.48857   2.99094      2.60000      2.40000 1104.5  0.583  0.81 22 1 Ferrite
  2.04031   1.49321   2.99361      2.70000      2.40000 1357.5  0.762  0.93 22 1 Ferrite
  0.90981   2.96938   5.14419      2.80000      2.40000 1528.2  0.762  0.82 22 1 Ferrite
  6.15543   2.06432   3.78225      0.00000      2.50000 1913.9  0.952  0.42 25 1 Ferrite
  6.15853   2.05702   3.79232      0.10000      2.50000 1833.7  0.952  0.43 25 1 Ferrite
  6.15910   2.06065   3.80254      0.20000      2.50000 2019.4  0.952  0.42 25 1 Ferrite
  6.14985   2.05622   3.80481      0.30000      2.50000 1965.3  0.952  0.45 25 1 Ferrite
  3.00654   1.08265   5.62148      0.40000      2.50000 2036.6  0.952  0.63 25 1 Ferrite
  6.14540   2.04997   3.79015      0.50000      2.50000 1823.5  0.952  0.62 25 1 Ferrite
  6.14431   2.04404   3.79149      0.60000      2.50000 1360.2  0.952  0.43 25 1 Ferrite
  3.00037   1.09712   5.63277      0.70000      2.50000 2146.0  0.952  0.41 25 1 Ferrite
  3.00228   1.09364   5.63427      0.80000      2.50000  962.1  0.500  1.27 25 1 Ferrite
  2.10458   2.39546   0.74514      0.90000      2.50000  879.9  0.012  1.33 25 1 Ferrite
  3.67385   1.76479   6.11243      1.00000      2.50000 1065.0  0.750  0.51 23 1 Ferrite
  3.66371   1.75120   6.10323      1.10000      2.50000 1682.0  0.750  0.75 23 1 Ferrite
  3.66853   1.74987   6.10570      1.20000      2.50000 2491.8  0.762  0.73 23 1 Ferrite
  3.66609   1.75000   6.10846      1.30000      2.50000 2426.9  0.750  0.45 23 1 Ferrite
  3.66186   1.75374   6.11474      1.40000      2.50000 2319.6  0.750  0.37 23 1 Ferrite
  3.66463   1.75621   6.11785      1.50000      2.50000 2346.6  0.750  0.44 23 1 Ferrite
  4.38446   0.24766   2.43626      1.60000      2.50000 2202.1  0.750  0.51 23 1 Ferrite
  4.36406   0.22263   5.63153      1.70000      2.50000 1076.0  0.762  0.54 23 1 Ferrite
  3.71983   1.75350   6.15982      1.80000      2.50000 1350.7  0.762  0.58 23 1 Ferrite
  3.72105   1.74958   6.15105      1.90000      2.50000 1447.1  0.762  0.41 23 1 Ferrite
  4.38526   0.19881   2.49667      2.00000      2.50000 1229.6  0.417  0.76 23 1 Ferrite
  5.38659   2.60810   4.09890      2.10000      2.50000 1229.6  0.369  1.09 24 0 Ferrite
  2.25647   0.54102   2.17415      2.20000      2.50000 1638.8  0.952  0.55 24 0 Ferrite
  1.21749   1.86181   5.82659      2.30000      2.50000 1939.1  0.952  0.57 24 0 Ferrite
  2.26347   0.53315   3.73194      2.40000      2.50000 1933.8  0.940  0.59 24 0 Ferrite
  2.26674   0.52416   3.73060      2.50000      2.50000 1616.4  0.952  0.65 24 0 Ferrite
  2.03458   1.48623   2.98777      2.60000      2.50000  950.0  0.083  1.34 22 1 Ferrite
  3.58676   1.71702   6.20872      2.70000      2.50000 1527.2  0.702  0.87 22 1 Ferrite
  2.02920   1.50453   2.99373      2.80000      2.50000 1851.2  0.762  0.56 22 1 Ferrite
  6.16259   2.05992   3.78602      0.00000      2.60000 1940.5  0.952  0.47 25 1 Ferrite
  2.00099   2.35530   0.71876      0.10000      2.60000 1684.8  0.952  0.38 25 1 Ferrite
  2.00357   2.35347   0.71936      0.20000      2.60000 1985.4  0.952  0.51 25 1 Ferrite
  1.99335   2.35467   0.70808      0.30000      2.60000 1868.1  0.952  0.58 25 1 Ferrite
  1.98989   2.35904   5.41926      0.40000      2.60000 1738.7  0.952  0.49 25 1 Ferrite
  1.99006   2.36528   5.42099      0.50000      2.60000 1261.7  0.571  0.88 25 1 Ferrite
  1.98999   2.36658   5.41093      0.60000      2.60000  853.5  0.262  1.59 25 1 Ferrite
  1.96673   2.36188   5.40079      0.70000      2.60000 1312.9  0.929  1.12 25 1 Ferrite
  2.00918   2.36355   5.41706      0.80000      2.60000 1003.1  0.500  1.31 25 1 Ferrite
  2.08785   2.37806   0.73998      0.90000      2.60000  559.9  0.155  1.53 25 1 Ferrite
  3.68406   1.76872   6.11860      1.00000      2.60000 1278.3  0.429  1.06 23 1 Ferrite
  3.67816   1.76123   6.11808      1.10000      2.60000 1617.8  0.750  0.41 23 1 Ferrite
  4.37294   0.25129   2.46091      1.20000      2.60000 2388.1  0.750  0.43 23 1 Ferrite
  4.35544   0.24445   2.47982      1.30000      2.60000 2226.2  0.714  0.49 23 1 Ferrite
  4.31863   0.24352   2.51121      1.40000      2.60000 2161.2  0.714  0.54 23 1 Ferrite
  4.30367   0.24327   2.52497      1.50000      2.60000 2181.8  0.714  0.59 23 1 Ferrite
  4.29444   0.24182   2.53218      1.60000      2.60000 2225.8  0.762  0.54 23 1 Ferrite
  3.70239   1.75477   3.01093      1.70000      2.60000 1075.8  0.762  0.56 23 1 Ferrite
  4.30732   0.21964   2.56123      1.80000      2.60000 1901.4  0.762  0.47 23 1 Ferrite
  4.31438   0.21823   2.56798      1.90000      2.60000 2005.1  0.750  0.51 23 1 Ferrite
  4.35025   0.19782   2.53670      2.00000      2.60000 1929.9  0.762  0.55 23 1 Ferrite
  4.37668   0.19404   2.51341      2.10000      2.60000 1798.8  0.750  0.51 23 1 Ferrite
  4.38335   0.16024   2.51414      2.20000      2.60000 1397.6  0.762  0.43 23 1 Ferrite
  2.27434   0.51526   2.14483      2.30000      2.60000 1198.9  0.095  1.64 24 0 Ferrite
  1.95942   2.39273   5.34705      2.40000      2.60000 1481.8  0.000  1.41 29 1 Ferrite
  1.97434   2.39728   5.36031      2.50000      2.60000 1624.7  0.012  1.25 29 1 Ferrite
  1.98783   2.39120   0.66480      2.60000      2.60000 1560.0  0.952  0.51 29 1 Ferrite
  3.03528   1.14011   5.64187      2.70000      2.60000 1277.6  0.619  0.78 29 1 Ferrite
  2.01611   1.50795   2.99735      2.80000      2.60000 1584.2  0.536  0.84 22 1 Ferrite
  3.02117   1.08976   5.64361      0.00000      2.70000 1949.9  0.952  0.34 25 1 Ferrite
  6.15772   2.04753   3.77587      0.10000      2.70000 1825.0  0.952  0.38 25 1 Ferrite
  3.01695   1.09550   5.64246      0.20000      2.70000 1930.1  0.952  0.40 25 1 Ferrite
  3.01332   1.09865   5.64353      0.30000      2.70000 2143.3  0.952  0.47 25 1 Ferrite
  3.01779   1.10458   5.63969      0.40000      2.70000 2008.0  0.952  0.48 25 1 Ferrite
  1.99121   2.36766   5.40658      0.50000      2.70000 1321.7  0.857  0.52 25 1 Ferrite
  2.03054   2.38740   5.40905      0.60000      2.70000 1241.0  0.952  0.65 25 1 Ferrite
  2.03024   2.38855   5.40369      0.70000      2.70000 1616.9  0.952  0.51 25 1 Ferrite
  2.03342   2.38581   5.40998      0.80000      2.70000 1684.6  0.952  0.48 25 1 Ferrite
  2.02148   2.39010   0.68658      0.90000      2.70000  910.4  0.917  0.63 25 1 Ferrite
  4.23407   1.10542   5.12693      1.00000      2.70000 1051.6  0.619  0.87 30 0 Ferrite
  4.30449   0.24828   2.53813      1.10000      2.70000 1678.8  0.762  0.67 23 1 Ferrite
  4.34660   0.24236   2.48963      1.20000      2.70000 2379.1  0.738  0.43 23 1 Ferrite
  4.33563   0.24077   2.49781      1.30000      2.70000 2410.4  0.762  0.43 23 1 Ferrite
  4.27872   0.23685   2.54941      1.40000      2.70000 2317.0  0.750  0.46 23 1 Ferrite
  4.25596   0.23784   2.56932      1.50000      2.70000 2300.4  0.762  0.51 23 1 Ferrite
  4.25751   0.23992   2.56802      1.60000      2.70000 2326.7  0.762  0.50 23 1 Ferrite
  4.25367   0.22317   2.60212      1.70000      2.70000 1384.3  0.762  0.57 23 1 Ferrite
  4.29627   0.20836   2.57104      1.80000      2.70000 2118.7  0.762  0.47 23 1 Ferrite
  4.32198   0.21110   2.55702      1.90000      2.70000 2059.9  0.738  0.55 23 1 Ferrite
  4.32222   0.19907   2.56267      2.00000      2.70000 2199.7  0.726  0.48 23 1 Ferrite
  3.74403   1.72671   6.17923      2.10000      2.70000 2239.4  0.762  0.43 23 1 Ferrite
  3.75256   1.71433   6.18566      2.20000      2.70000 1863.2  0.750  0.49 23 1 Ferrite
  4.39658   0.16461   2.51670      2.30000      2.70000 1282.6  0.417  0.65 23 1 Ferrite
  6.17507   1.98606   3.78512      2.40000      2.70000  978.4  0.619  0.66 29 1 Ferrite
  6.17970   1.99359   3.77575      2.50000      2.70000 1516.8  0.952  0.43 29 1 Ferrite
  3.03529   1.14039   5.65315      2.60000      2.70000 1795.3  0.952  0.50 29 1 Ferrite
  3.03530   1.13947   5.64629      2.70000      2.70000 1597.6  0.952  0.42 29 1 Ferrite
  3.03933   1.14382   5.63910      2.80000      2.70000 1723.6  0.952  0.54 29 1 Ferrite
  6.16776   2.03661   3.78631      0.00000      2.80000 1575.5  0.952  0.54 25 1 Ferrite
  6.15732   2.03845   3.78438      0.10000      2.80000 1589.8  0.929  0.63 25 1 Ferrite
  3.01299   1.10887   5.64055      0.20000      2.80000 1672.4  0.952  0.43 25 1 Ferrite
  6.16102   2.03194   3.78833      0.30000      2.80000 1914.1  0.952  0.57 25 1 Ferrite
  6.15917   2.03113   3.78892      0.40000      2.80000 2161.0  0.952  0.46 25 1 Ferrite
  1.97993   2.36988   5.39352      0.50000      2.80000 1713.6  0.940  0.60 25 1 Ferrite
  6.19260   2.02588   3.77369      0.60000      2.80000 1441.4  0.952  0.42 25 1 Ferrite
  3.05484   1.12017   5.65772      0.70000      2.80000 1849.0  0.952  0.44 25 1 Ferrite
  3.05104   1.12273   5.65680      0.80000      2.80000 2161.7  0.952  0.44 25 1 Ferrite
  3.04723   1.12757   5.65499      0.90000      2.80000 1702.4  0.952  0.50 25 1 Ferrite
  3.04448   1.14653   5.63945      1.00000      2.80000 1310.5  0.952  0.52 25 1 Ferrite
  4.27477   0.25425   2.56110      1.10000      2.80000 1604.1  0.762  0.43 23 1 Ferrite
  4.29421   0.24538   2.53435      1.20000      2.80000 2573.5  0.762  0.55 23 1 Ferrite
  4.28316   0.24198   2.54284      1.30000      2.80000 2599.8  0.762  0.46 23 1 Ferrite
  4.23369   0.24023   2.59304      1.40000      2.80000 2503.5  0.750  0.54 23 1 Ferrite
  4.23162   0.23994   2.59542      1.50000      2.80000 2492.4  0.750  0.54 23 1 Ferrite
  4.23050   0.24191   2.60188      1.60000      2.80000 2254.4  0.750  0.50 23 1 Ferrite
  4.22203   0.22428   2.62651      1.70000      2.80000 1691.7  0.714  0.55 23 1 Ferrite
  4.27274   0.21316   2.58713      1.80000      2.80000 1962.1  0.750  0.46 23 1 Ferrite
  3.71555   1.74545   6.16949      1.90000      2.80000 1580.4  0.762  0.54 23 1 Ferrite
  3.72762   1.74242   6.17486      2.00000      2.80000 1972.9  0.750  0.65 23 1 Ferrite
  3.73795   1.73149   6.17690      2.10000      2.80000 1845.5  0.750  0.52 23 1 Ferrite
  2.19366   1.46741   2.99235      2.20000      2.80000 1234.7  0.429  0.66 23 1 Ferrite
  3.75965   1.72784   6.18447      2.30000      2.80000 1019.4  0.179  1.37 23 1 Ferrite
  0.00993   2.15062   4.04287      2.40000      2.80000 1056.1  0.952  0.37 31 1 Ferrite
  0.00850   2.14899   4.04449      2.50000      2.80000 1184.8  0.619  0.72 31 1 Ferrite
  3.03351   1.14194   5.64538      2.60000      2.80000 1112.5  0.560  0.93 29 1 Ferrite
  3.04164   1.14060   5.63951      2.70000      2.80000 1114.7  0.952  0.47 29 1 Ferrite
  3.03755   1.13749   5.63847      2.80000      2.80000 1593.5  0.952  0.39 29 1 Ferrite
  2.01345   2.39087   5.38379      0.00000      2.90000 1488.2  0.869  0.91 25 1 Ferrite
  3.06383   1.11630   0.93565      0.10000      2.90000 1332.8  0.940  0.94 25 1 Ferrite
  3.05882   1.11948   0.93224      0.20000      2.90000 1075.2  0.524  1.37 25 1 Ferrite
  2.00473   2.36573   5.40838      0.30000      2.90000 1240.1  0.571  1.38 25 1 Ferrite
  1.99610   2.37253   5.40106      0.40000      2.90000 1593.0  0.893  0.82 25 1 Ferrite
  1.99162   2.37853   5.38716      0.50000      2.90000 1563.7  0.952  0.66 25 1 Ferrite
  6.19710   2.02231   3.77742      0.60000      2.90000 1393.0  0.952  0.47 25 1 Ferrite
  3.05689   1.11846   5.65287      0.70000      2.90000 1649.5  0.952  0.46 25 1 Ferrite
  3.05189   1.12417   5.65273      0.80000      2.90000 1947.1  0.952  0.41 25 1 Ferrite
  3.04597   1.13249   5.64724      0.90000      2.90000 1546.7  0.917  0.42 25 1 Ferrite
  3.04239   1.14083   5.64191      1.00000      2.90000 1636.9  0.952  0.47 25 1 Ferrite
  4.25687   0.25221   2.57644      1.10000      2.90000 1692.7  0.750  0.47 23 1 Ferrite
  4.27508   0.24710   2.55397      1.20000      2.90000 2592.1  0.750  0.43 23 1 Ferrite
  4.28593   0.24296   2.53951      1.30000      2.90000 2600.4  0.762  0.47 23 1 Ferrite
  4.22925   0.24255   2.59918      1.40000      2.90000 2538.9  0.750  0.52 23 1 Ferrite
  4.23241   0.24082   2.59481      1.50000      2.90000 2491.5  0.750  0.55 23 1 Ferrite
  4.20058   0.24056   2.62858      1.60000      2.90000 2132.0  0.750  0.43 23 1 Ferrite
  4.20691   0.21792   2.64219      1.70000      2.90000 1364.8  0.429  0.79 23 1 Ferrite
  3.70473   1.75345   6.17301      1.80000      2.90000 1528.2  0.429  0.78 23 1 Ferrite
  3.71096   1.74844   6.17492      1.90000      2.90000 1158.7  0.000  1.60 23 1 Ferrite
  5.12012   1.01808   0.86727      2.00000      2.90000 1328.6  0.190  1.23 31 1 Ferrite
  5.12491   1.02759   0.86937      2.10000      2.90000 1510.6  0.536  0.77 31 1 Ferrite
  5.12397   1.03038   0.86813      2.20000      2.90000 1784.5  0.952  0.50 31 1 Ferrite
  5.12276   1.02565   0.86930      2.30000      2.90000 1850.9  0.952  0.60 31 1 Ferrite
  0.00342   2.14474   4.03891      2.40000      2.90000 2177.8  0.952  0.52 31 1 Ferrite
  5.12827   1.01848   0.87770      2.50000      2.90000 2296.5  0.952  0.49 31 1 Ferrite
  1.97911   2.12123   0.69214      2.60000      2.90000 2138.1  0.952  0.45 31 1 Ferrite
  5.11853   1.01556   0.86949      2.70000      2.90000 1815.6  0.952  0.38 31 1 Ferrite
  6.26026   2.15229   4.03408      2.80000      2.90000 1197.9  0.952  0.48 31 1 Ferrite
  3.06344   1.14122   5.65865      0.00000      3.00000 1881.6  0.952  0.42 25 1 Ferrite
  6.20756   2.00810   3.77161      0.10000      3.00000 1601.6  0.952  0.40 25 1 Ferrite
  6.21837   2.02081   3.77091      0.20000      3.00000 1689.4  0.952  0.52 25 1 Ferrite
  3.06875   1.11874   5.65627      0.30000      3.00000 1598.8  0.952  0.57 25 1 Ferrite
  6.20023   2.02209   3.76313      0.40000      3.00000 2039.1  0.952  0.47 25 1 Ferrite
  2.02366   2.38676   0.68947      0.50000      3.00000 1867.7  0.952  0.44 25 1 Ferrite
  2.01587   2.38779   0.68212      0.60000      3.00000 1566.1  0.952  0.47 25 1 Ferrite
  3.05903   1.12593   5.64921      0.70000      3.00000 1701.3  0.952  0.35 25 1 Ferrite
  3.05840   1.13196   5.63817      0.80000      3.00000 1877.0  0.952  0.49 25 1 Ferrite
  6.19204   2.01308   3.78594      0.90000      3.00000 1212.5  0.929  0.42 25 1 Ferrite
  1.16142   1.01052   0.53621      1.00000      3.00000 1121.9  0.381  1.39 25 1 Ferrite
  4.24051   0.24073   2.59459      1.10000      3.00000 2048.6  0.750  0.46 23 1 Ferrite
  4.23901   0.23955   2.59617      1.20000      3.00000 2370.4  0.750  0.38 23 1 Ferrite
  4.22760   0.24213   2.60587      1.30000      3.00000 2380.6  0.750  0.46 23 1 Ferrite
  4.22233   0.23873   2.61107      1.40000      3.00000 2367.4  0.750  0.39 23 1 Ferrite
  4.19352   0.23536   2.63517      1.50000      3.00000 2176.6  0.762  0.50 23 1 Ferrite
  3.68117   1.77633   6.16466      1.60000      3.00000 1832.2  0.750  0.42 23 1 Ferrite
  2.00971   2.13230   0.71727      1.70000      3.00000 1079.3  0.286  1.27 31 1 Ferrite
  2.00473   2.13128   0.72158      1.80000      3.00000 1375.8  0.952  0.67 31 1 Ferrite
  1.97919   2.12737   0.70720      1.90000      3.00000 1275.4  0.952  0.40 31 1 Ferrite
  1.98628   2.12844   0.70788      2.00000      3.00000 1539.5  0.952  0.55 31 1 Ferrite
  1.98784   2.12204   0.70460      2.10000      3.00000 1772.0  0.940  0.61 31 1 Ferrite
  1.98787   2.11985   0.69936      2.20000      3.00000 2136.4  0.952  0.48 31 1 Ferrite
  1.98932   2.11986   0.70336      2.30000      3.00000 2278.0  0.952  0.40 31 1 Ferrite
  1.98790   2.12548   0.69804      2.40000      3.00000 2261.1  0.952  0.54 31 1 Ferrite
  1.98960   2.12228   0.69535      2.50000      3.00000 2263.1  0.952  0.42 31 1 Ferrite
  1.98410   2.11814   0.69359      2.60000      3.00000 1984.0  0.952  0.51 31 1 Ferrite
  1.98321   2.12087   0.70210      2.70000      3.00000 1844.4  0.952  0.44 31 1 Ferrite
  1.97413   2.12443   0.70078      2.80000      3.00000 1461.3  0.952  0.54 31 1 Ferrite
